Rank,Name,Count,White,Black,API,AIAN,2+ Races,Hispanic
422,Quinn,76986,86.23%,8.34%,0.69%,0.47%,1.63%,2.64%
839,Quintero,41158,4.21%,0.37%,0.42%,0.75%,0.16%,94.09%
923,Quintana,37657,8.20%,0.29%,1.06%,1.09%,0.31%,89.05%
1014,Quiñones,34468,5.61%,1.33%,1.09%,0.20%,0.26%,91.52%
1280,Quiroz,27452,4.29%,0.24%,0.81%,0.30%,0.23%,94.14%
1372,Quezada,25752,2.99%,0.23%,0.30%,0.10%,0.09%,96.29%
1416,Quick,25091,80.91%,13.19%,0.57%,1.10%,1.94%,2.28%
1586,Quintanilla,22581,4.33%,0.34%,1.85%,0.14%,0.45%,92.89%
1945,Queen,18557,75.42%,18.63%,0.54%,0.84%,2.39%,2.18%
2113,Quigley,17121,92.50%,1.83%,0.77%,0.68%,1.65%,2.56%
2999,Qualls,11958,73.06%,20.02%,0.31%,1.66%,2.59%,2.36%
3111,Quiñonez,11576,3.70%,0.35%,0.32%,0.14%,0.17%,95.33%
3469,Quinlan,10302,92.68%,1.72%,0.77%,0.32%,1.47%,3.05%
3598,Quach,9894,0.69%,0.24%,96.52%,0.07%,1.73%,0.75%
3631,Quarles,9780,42.80%,51.21%,0.36%,0.30%,3.44%,1.90%
4404,Quevedo,8064,4.96%,0.21%,2.46%,0.30%,0.42%,91.65%
4509,Quesada,7870,9.91%,0.38%,2.69%,0.43%,0.39%,86.19%
5035,Qureshi,6966,5.77%,0.82%,87.04%,0.36%,4.28%,1.74%
5107,Quiles,6858,7.48%,1.50%,0.64%,0.10%,0.19%,90.08%
5397,Quan,6451,6.39%,0.78%,82.70%,0.33%,4.40%,5.41%
5443,Quirk,6392,94.90%,0.48%,0.67%,0.19%,1.42%,2.33%
5783,Quillen,5989,89.76%,3.71%,0.50%,0.55%,1.22%,4.26%
5824,Quiroga,5937,6.75%,0.19%,0.77%,0.49%,0.25%,91.54%
6628,Quijano,5110,6.14%,0.67%,16.24%,0.16%,2.21%,74.58%
6856,Quijada,4908,4.69%,0.26%,0.98%,0.29%,0.12%,93.66%
7211,Quimby,4628,91.70%,3.28%,0.69%,0.52%,1.69%,2.12%
7520,Qiu,4424,0.84%,(S),98.21%,(S),0.75%,(S)
7947,Quackenbush,4164,95.32%,0.43%,0.53%,0.50%,1.18%,2.04%
8485,Quinteros,3885,4.04%,0.28%,0.28%,(S),(S),95.26%
9011,Quesenberry,3630,94.99%,0.33%,0.41%,0.28%,1.43%,2.56%
9421,Quinton,3452,78.24%,7.79%,1.97%,3.82%,2.81%,5.36%
9473,Quist,3433,90.59%,4.46%,(S),(S),1.57%,2.18%
9491,Quade,3426,93.32%,0.93%,1.37%,1.37%,1.28%,1.72%
10167,Qian,3173,0.88%,0.25%,98.05%,(S),0.72%,(S)
10491,Quirós,3059,9.25%,0.65%,3.92%,(S),(S),85.68%
11279,Quattlebaum,2801,67.73%,28.28%,0.39%,0.21%,1.82%,1.57%
11466,Quinto,2746,23.16%,0.44%,39.29%,0.25%,2.99%,33.87%
11759,Qin,2664,0.98%,(S),97.94%,(S),0.68%,0.26%
11865,Quint,2639,91.17%,0.91%,1.33%,0.34%,1.33%,4.93%
12035,Qu,2593,1.66%,0.27%,95.49%,0.00%,1.12%,1.47%
12132,Quam,2568,86.57%,0.19%,0.82%,9.58%,1.09%,1.75%
13042,Qi,2354,1.36%,(S),97.62%,(S),0.76%,0.21%
13241,Quast,2306,94.36%,1.04%,(S),(S),0.95%,2.60%
13727,Quintanar,2205,7.17%,0.23%,(S),0.23%,(S),92.11%
14208,Quandt,2113,96.83%,(S),0.80%,(S),0.52%,1.75%
15104,Quispe,1953,5.07%,0.56%,(S),0.31%,(S),93.91%
15318,Quisenberry,1916,87.32%,6.52%,0.68%,0.78%,2.19%,2.51%
16939,Quintal,1679,69.27%,2.14%,5.78%,0.48%,3.99%,18.34%
17249,Quarterman,1642,27.04%,68.21%,(S),(S),2.74%,1.71%
17605,Quillin,1596,89.29%,4.39%,0.31%,0.63%,1.88%,3.51%
18098,Quayle,1539,92.59%,0.39%,2.01%,0.32%,2.47%,2.21%
18106,Quito,1538,3.12%,0.46%,9.56%,0.00%,0.91%,85.96%
18337,Quill,1511,85.04%,3.77%,1.39%,1.13%,2.32%,6.35%
18757,Quin,1462,68.19%,14.64%,6.70%,(S),(S),9.30%
18778,Quinney,1460,58.97%,34.04%,0.34%,0.48%,2.26%,3.90%
19242,Quirino,1409,13.20%,0.50%,3.26%,(S),(S),82.82%
19469,Quigg,1388,94.96%,0.58%,(S),(S),1.37%,2.52%
19498,Quirarte,1385,5.27%,0.00%,0.00%,(S),(S),94.58%
20648,Quon,1282,6.24%,1.09%,81.36%,0.00%,7.18%,4.13%
20871,Quijas,1263,7.21%,(S),(S),0.87%,(S),91.37%
21288,Quiambao,1231,2.44%,(S),92.69%,(S),2.76%,2.03%
21439,Qazi,1219,5.91%,(S),87.69%,(S),4.59%,1.07%
21459,Quail,1218,86.37%,7.55%,1.15%,1.15%,1.31%,2.46%
22618,Quizhpi,1135,3.17%,0.00%,0.00%,0.00%,0.00%,96.83%
22856,Quay,1120,88.13%,1.88%,0.89%,5.63%,1.07%,2.41%
23457,Quadri,1084,9.87%,9.96%,77.49%,(S),1.75%,(S)
23662,Querry,1071,92.90%,1.77%,0.65%,0.47%,2.15%,2.05%
23866,Queener,1058,86.58%,9.83%,(S),(S),0.76%,1.98%
23899,Quiring,1056,93.84%,(S),1.14%,(S),1.42%,2.75%
24159,Quaintance,1041,85.11%,10.18%,0.58%,0.58%,1.44%,2.11%
24201,Query,1038,93.55%,(S),0.67%,(S),2.12%,2.99%
24531,Quaranta,1019,92.74%,0.79%,(S),(S),1.47%,4.81%
24665,Quincy,1012,60.97%,28.46%,0.69%,3.66%,3.26%,2.96%
