Rank,Name,Count,White,Black,API,AIAN,2+ Races,Hispanic
34,King,465422,70.16%,22.76%,1.23%,0.98%,2.31%,2.55%
74,Kelly,267394,78.09%,16.22%,0.64%,0.54%,1.81%,2.69%
77,Kim,262352,2.52%,0.39%,94.47%,0.02%,1.96%,0.65%
146,Kennedy,176865,80.82%,13.63%,0.62%,0.61%,1.87%,2.45%
198,Kelley,140693,83.78%,10.80%,0.55%,0.66%,2.03%,2.18%
209,Knight,136713,72.31%,21.61%,0.52%,0.90%,2.17%,2.50%
317,Keller,98268,91.40%,3.86%,0.57%,0.46%,1.45%,2.26%
392,Klein,81471,95.41%,0.32%,0.60%,0.23%,1.13%,2.30%
427,Khan,76171,6.89%,3.86%,81.25%,0.54%,5.27%,2.20%
526,Kramer,63936,95.35%,0.34%,0.61%,0.25%,1.24%,2.21%
623,Kirk,54394,82.37%,10.56%,1.29%,1.38%,2.06%,2.34%
633,Kirby,53767,85.90%,9.16%,0.50%,0.73%,1.78%,1.93%
680,Kane,50584,89.08%,4.57%,1.67%,0.47%,1.77%,2.43%
698,Koch,49395,95.29%,0.26%,0.73%,0.29%,1.12%,2.30%
711,Kaur,48753,1.13%,0.27%,96.09%,0.64%,1.50%,0.37%
718,Keith,48487,79.32%,14.52%,0.67%,1.08%,2.13%,2.28%
753,Kemp,46146,71.72%,22.83%,0.49%,0.69%,2.21%,2.07%
761,Kline,45390,94.18%,1.62%,0.51%,0.34%,1.33%,2.02%
769,Knox,44742,63.40%,30.58%,0.49%,0.74%,2.49%,2.31%
771,Kerr,44711,86.86%,7.52%,0.80%,0.60%,1.78%,2.44%
778,Kent,44325,83.88%,10.41%,0.81%,0.67%,1.94%,2.29%
825,Knapp,41771,94.71%,0.58%,0.64%,0.44%,1.36%,2.27%
946,Krueger,36743,95.97%,0.24%,0.63%,0.36%,1.06%,1.73%
1007,Kaufman,34844,94.57%,1.50%,0.57%,0.20%,1.13%,2.04%
1009,Krause,34722,95.12%,0.47%,0.65%,0.33%,1.27%,2.17%
1037,Key,33501,68.56%,24.61%,0.90%,0.99%,2.33%,2.61%
1039,Kaiser,33480,93.15%,1.66%,1.04%,0.45%,1.38%,2.32%
1060,Kidd,33186,75.09%,19.50%,0.54%,0.51%,2.05%,2.31%
1084,Kang,32221,3.08%,0.56%,93.86%,0.03%,1.81%,0.67%
1101,Katz,31780,95.31%,0.38%,0.70%,0.07%,0.88%,2.65%
1102,Kuhn,31776,95.17%,0.58%,0.65%,0.23%,1.17%,2.21%
1113,Kinney,31558,85.36%,8.01%,0.88%,1.35%,2.14%,2.27%
1126,Kendall,31209,85.73%,8.90%,0.81%,0.54%,1.99%,2.03%
1161,Kirkland,30283,68.79%,26.33%,0.46%,0.52%,1.80%,2.10%
1196,Kaplan,29582,94.78%,0.42%,0.79%,0.10%,1.09%,2.82%
1216,Kessler,29064,94.94%,0.65%,0.65%,0.27%,1.28%,2.21%
1237,Kern,28547,93.18%,2.23%,0.88%,0.38%,1.30%,2.04%
1239,Knowles,28460,81.01%,13.19%,0.56%,0.59%,1.91%,2.73%
1259,Kendrick,27915,64.90%,29.71%,0.47%,0.51%,2.34%,2.07%
1266,Kenney,27759,87.17%,7.73%,0.66%,0.27%,1.97%,2.19%
1344,Kirkpatrick,26251,89.44%,5.39%,0.65%,0.45%,1.66%,2.41%
1357,Kumar,25986,4.23%,0.94%,88.26%,0.60%,4.91%,1.07%
1467,Kay,24337,85.64%,5.89%,3.47%,0.61%,1.92%,2.48%
1476,Kurtz,24216,94.87%,1.15%,0.57%,0.30%,1.42%,1.70%
1544,Kimball,23293,92.72%,2.29%,0.75%,0.48%,1.54%,2.23%
1592,Koenig,22499,94.87%,0.35%,0.66%,0.65%,1.22%,2.25%
1606,Kauffman,22353,95.92%,0.51%,0.61%,0.19%,1.06%,1.72%
1635,Kraft,22035,94.30%,0.69%,0.70%,0.55%,1.56%,2.21%
1667,Kilgore,21627,82.41%,12.26%,0.43%,0.73%,2.09%,2.09%
1730,Kearney,20706,75.45%,19.71%,0.62%,0.22%,1.84%,2.16%
1741,Kruse,20584,95.02%,0.21%,0.89%,0.27%,1.39%,2.22%
1765,Keenan,20353,92.87%,2.22%,0.65%,0.43%,1.54%,2.29%
1853,Koehler,19368,95.61%,0.23%,0.58%,0.36%,1.19%,2.04%
1890,Kraus,19028,95.51%,0.39%,0.55%,0.27%,1.17%,2.11%
1900,Keys,18899,48.90%,43.86%,0.33%,1.11%,3.31%,2.49%
1924,Kyle,18721,79.99%,14.11%,0.74%,0.45%,2.32%,2.40%
1934,Kiser,18674,91.11%,4.40%,0.45%,0.52%,1.61%,1.91%
1959,Keen,18459,89.64%,4.70%,1.20%,0.63%,1.66%,2.17%
1979,Keyes,18252,60.50%,22.06%,0.90%,0.78%,2.21%,13.54%
1999,Kowalski,18077,96.05%,0.28%,0.45%,0.22%,1.15%,1.85%
2000,Kincaid,18075,86.07%,8.68%,0.66%,0.46%,1.86%,2.27%
2003,Kimble,18040,59.02%,35.37%,0.49%,0.65%,2.27%,2.20%
2032,Keene,17711,85.17%,8.35%,0.58%,1.08%,2.17%,2.65%
2077,Kenny,17429,88.85%,5.66%,0.99%,0.60%,1.52%,2.39%
2121,Keating,17060,94.36%,1.28%,0.66%,0.33%,1.42%,1.96%
2145,Knutson,16910,95.51%,0.30%,0.55%,0.52%,1.31%,1.82%
2177,Kohler,16686,94.73%,0.26%,0.70%,0.46%,1.38%,2.48%
2258,Kinsey,16102,76.31%,17.76%,0.50%,0.99%,2.04%,2.40%
2333,Kerns,15614,90.88%,3.89%,0.62%,0.86%,1.75%,1.99%
2378,Kellogg,15317,88.84%,5.41%,0.77%,0.55%,1.93%,2.50%
2390,Kitchen,15170,80.03%,14.39%,0.52%,0.67%,2.12%,2.27%
2394,Kearns,15136,92.48%,2.70%,0.63%,0.26%,1.72%,2.20%
2466,Knott,14622,83.13%,11.82%,0.50%,0.58%,1.61%,2.35%
2473,Kahn,14584,86.07%,1.86%,7.25%,0.53%,1.23%,3.05%
2501,Kelsey,14456,84.10%,9.93%,0.66%,1.25%,1.82%,2.23%
2551,Kong,14165,4.46%,2.22%,87.91%,0.09%,3.54%,1.78%
2553,Kaminski,14152,96.10%,0.30%,0.47%,0.20%,0.94%,1.99%
2565,Kilpatrick,14087,80.27%,14.01%,0.53%,0.80%,1.89%,2.51%
2591,Kruger,13898,94.22%,0.40%,0.67%,0.68%,1.30%,2.73%
2633,Keener,13687,90.24%,4.16%,0.57%,1.32%,1.65%,2.07%
2708,Ko,13312,2.87%,(S),93.63%,(S),2.41%,0.85%
2721,Kwon,13235,1.56%,(S),96.30%,(S),1.44%,0.45%
2796,Kenyon,12891,93.41%,1.72%,0.65%,0.70%,1.50%,2.02%
2833,Killian,12717,90.41%,4.40%,0.54%,0.64%,1.75%,2.25%
2978,Kimbrough,12034,45.26%,48.71%,0.41%,0.29%,3.27%,2.06%
3064,Kolb,11705,94.69%,0.38%,0.64%,0.77%,1.40%,2.12%
3124,Keeler,11546,90.52%,3.51%,0.77%,0.88%,1.98%,2.33%
3133,Krieger,11521,95.04%,0.58%,0.65%,0.30%,1.26%,2.16%
3154,Keane,11459,92.66%,1.55%,1.34%,0.17%,1.68%,2.58%
3227,Keck,11186,94.38%,0.84%,0.59%,0.50%,1.43%,2.26%
3232,Kopp,11175,95.70%,0.21%,0.66%,0.23%,1.37%,1.83%
3240,Kiefer,11141,95.07%,0.21%,0.67%,0.22%,1.28%,2.55%
3253,Kroll,11098,94.50%,0.42%,0.81%,0.35%,1.55%,2.36%
3260,Krebs,11067,95.84%,0.24%,0.48%,0.27%,1.26%,1.91%
3275,Keefe,11028,95.45%,0.26%,0.68%,0.28%,1.31%,2.01%
3307,Kuntz,10848,95.42%,0.52%,0.55%,0.60%,1.24%,1.67%
3359,Kitchens,10647,82.76%,12.23%,0.49%,0.57%,1.73%,2.23%
3391,Kinder,10539,90.32%,4.72%,0.74%,0.48%,1.42%,2.32%
3392,Koontz,10538,93.00%,2.87%,0.49%,0.41%,1.59%,1.64%
3396,Kimmel,10528,95.68%,0.43%,0.57%,0.37%,1.28%,1.67%
3401,Kemper,10518,89.45%,5.95%,0.49%,0.42%,1.50%,2.19%
3449,Kozlowski,10358,95.00%,0.22%,0.53%,0.27%,1.40%,2.58%
3450,Keegan,10354,94.50%,0.52%,0.70%,0.33%,1.44%,2.51%
3460,Karr,10324,88.80%,1.44%,3.45%,1.08%,1.43%,3.79%
3545,Kasper,10064,94.76%,0.49%,0.81%,0.30%,1.16%,2.47%
3554,Kirchner,10044,95.56%,0.36%,0.58%,0.28%,1.17%,2.05%
3578,Kunz,9953,94.81%,0.23%,0.64%,0.22%,1.47%,2.63%
3608,Kuykendall,9841,84.50%,9.08%,0.43%,1.10%,1.92%,2.97%
3647,Keeton,9748,84.08%,10.56%,0.44%,0.77%,1.76%,2.39%
3656,Keaton,9723,69.28%,25.24%,0.64%,0.82%,1.59%,2.43%
3663,Kelleher,9714,95.33%,0.26%,0.71%,0.09%,1.06%,2.55%
3673,Kohn,9701,91.46%,3.86%,0.66%,0.24%,0.82%,2.96%
3697,Knoll,9608,94.74%,0.74%,1.01%,0.09%,1.36%,2.05%
3711,Koehn,9559,96.25%,0.31%,0.35%,0.25%,0.82%,2.02%
3713,Keefer,9552,94.70%,1.31%,0.49%,0.48%,1.07%,1.95%
3736,Kunkel,9488,95.73%,0.45%,0.56%,0.26%,1.00%,1.99%
3806,Kohl,9303,95.02%,0.34%,0.86%,0.88%,1.10%,1.80%
3813,Keeney,9294,95.10%,0.52%,0.57%,0.34%,1.44%,2.02%
3864,Klinger,9179,95.82%,0.34%,0.60%,0.25%,0.97%,2.03%
3898,Knudsen,9104,93.73%,0.24%,0.74%,1.03%,1.54%,2.72%
3917,Kovacs,9072,94.96%,0.31%,0.73%,0.07%,1.06%,2.88%
3932,Kee,9049,51.25%,21.79%,10.84%,10.66%,2.69%,2.76%
3940,Kovach,9040,95.72%,0.24%,0.59%,0.17%,1.28%,2.00%
3951,Kidwell,9006,92.85%,1.78%,0.62%,0.49%,1.79%,2.48%
3966,Kwan,8965,4.90%,0.55%,90.47%,0.09%,2.45%,1.54%
3975,Keeling,8938,84.07%,9.90%,0.58%,1.15%,2.23%,2.07%
4050,Kirsch,8764,95.86%,0.18%,0.62%,0.41%,1.06%,1.87%
4072,Kish,8725,95.48%,0.68%,0.55%,0.34%,0.94%,2.01%
4090,Keel,8682,79.49%,13.58%,0.93%,1.69%,2.49%,1.82%
4096,Kelso,8671,86.46%,7.44%,0.50%,0.74%,2.49%,2.38%
4113,Kaye,8627,89.73%,1.81%,1.23%,3.73%,1.39%,2.11%
4147,Koss,8544,79.45%,15.13%,0.47%,0.55%,1.81%,2.59%
4189,Kersey,8459,82.31%,12.29%,0.61%,0.47%,2.07%,2.23%
4213,Ketchum,8407,88.18%,3.60%,0.57%,2.83%,1.96%,2.85%
4320,Kirkwood,8227,66.52%,28.36%,0.49%,0.40%,2.25%,1.98%
4354,Knowlton,8157,90.78%,3.54%,0.69%,0.63%,1.84%,2.53%
4417,Kingsley,8043,91.68%,2.19%,1.24%,0.52%,1.27%,3.10%
4446,Keyser,7978,93.54%,2.04%,0.73%,0.25%,1.32%,2.12%
4531,Krug,7827,95.73%,0.41%,0.83%,0.32%,1.09%,1.62%
4554,Kremer,7784,95.41%,0.48%,0.77%,0.19%,1.03%,2.12%
4565,Keim,7769,96.11%,0.33%,0.48%,0.31%,0.94%,1.83%
4592,Kraemer,7726,95.87%,0.25%,0.63%,0.17%,1.14%,1.94%
4598,Kling,7713,93.47%,1.05%,1.27%,0.38%,1.53%,2.31%
4602,Kehoe,7708,94.98%,0.31%,0.65%,0.13%,1.62%,2.31%
4711,Kress,7528,95.59%,0.62%,0.58%,0.21%,1.21%,1.78%
4733,Kozak,7495,96.00%,0.36%,0.56%,0.23%,0.85%,2.00%
4767,Kuo,7426,2.60%,(S),92.62%,(S),3.84%,0.65%
4789,Koester,7380,96.46%,0.26%,0.75%,0.12%,1.06%,1.36%
4809,Keiser,7348,94.01%,0.80%,0.65%,0.65%,1.47%,2.41%
4841,Knudson,7278,94.97%,0.16%,0.66%,0.60%,1.20%,2.40%
4870,Kester,7237,93.71%,1.05%,0.50%,1.34%,1.56%,1.84%
4872,Knotts,7232,86.20%,9.51%,0.61%,0.26%,1.59%,1.83%
4905,Kuehn,7181,95.32%,0.13%,0.72%,0.29%,1.41%,2.13%
4979,Kuhns,7055,95.58%,0.17%,0.86%,0.38%,1.52%,1.49%
4990,Kinard,7035,64.93%,30.02%,0.40%,0.45%,2.23%,1.96%
4998,Kingston,7033,84.35%,9.77%,0.78%,0.41%,1.58%,3.11%
5024,Khalil,6983,75.53%,5.30%,9.92%,0.24%,6.07%,2.94%
5097,Krauss,6865,95.08%,0.60%,0.45%,0.12%,0.92%,2.84%
5133,Kaufmann,6818,94.47%,0.45%,0.85%,0.29%,1.53%,2.41%
5152,Koller,6792,94.61%,0.52%,0.63%,0.18%,1.52%,2.55%
5179,Kidder,6746,93.64%,0.40%,1.04%,1.04%,1.78%,2.10%
5185,Kistler,6742,95.88%,0.34%,0.92%,0.21%,1.08%,1.57%
5204,Kerrigan,6714,94.76%,0.57%,0.55%,0.28%,1.46%,2.38%
5210,Kesler,6704,92.53%,2.83%,0.48%,0.70%,1.39%,2.07%
5241,Kieffer,6656,94.16%,0.45%,0.48%,1.04%,1.19%,2.69%
5255,Kiley,6639,90.33%,5.38%,0.80%,0.33%,1.57%,1.60%
5278,Keil,6603,92.14%,1.50%,1.62%,0.29%,1.89%,2.56%
5293,Koster,6580,94.24%,1.23%,0.62%,0.73%,1.06%,2.11%
5308,Karl,6564,91.04%,1.95%,2.73%,0.29%,1.45%,2.54%
5390,Kissinger,6455,95.20%,0.26%,0.64%,0.33%,1.25%,2.32%
5408,Krantz,6436,94.72%,0.30%,0.54%,0.42%,1.24%,2.78%
5457,Kwiatkowski,6377,96.27%,0.16%,0.61%,0.20%,1.14%,1.62%
5465,Kempf,6364,95.51%,0.36%,0.86%,0.42%,1.16%,1.68%
5494,Karnes,6333,94.06%,1.22%,0.41%,0.69%,1.56%,2.05%
5500,Kingsbury,6325,91.70%,2.58%,0.60%,0.24%,1.20%,3.68%
5514,Kocher,6308,93.96%,0.62%,1.51%,0.22%,1.55%,2.14%
5530,Kamara,6288,3.12%,93.91%,0.46%,0.08%,1.81%,0.62%
5611,Kirkman,6197,85.70%,9.39%,0.42%,0.40%,1.79%,2.29%
5658,Kellum,6136,68.55%,25.86%,0.49%,0.49%,2.59%,2.02%
5705,Kuhlman,6078,96.40%,0.23%,0.63%,0.23%,0.86%,1.66%
5737,Klug,6041,95.38%,0.70%,0.56%,0.31%,1.51%,1.54%
5754,Klotz,6021,95.55%,0.61%,0.45%,0.25%,0.78%,2.36%
5758,Kao,6018,2.81%,(S),93.09%,(S),2.76%,0.66%
5759,Kimbrell,6016,93.85%,0.45%,0.45%,0.50%,2.01%,2.74%
5788,Kipp,5978,91.28%,1.44%,0.45%,2.73%,1.51%,2.59%
5796,Krohn,5969,96.06%,0.23%,0.50%,0.32%,0.94%,1.94%
5802,Kiernan,5966,94.80%,0.30%,0.62%,0.13%,1.32%,2.82%
5833,Koerner,5928,95.53%,0.47%,0.76%,0.25%,1.30%,1.69%
5865,Kahler,5881,94.78%,0.31%,1.16%,0.24%,1.62%,1.90%
5877,Kuhl,5872,96.44%,0.27%,0.34%,0.24%,0.87%,1.84%
5878,Koonce,5870,67.31%,27.94%,0.34%,0.32%,2.18%,1.91%
5890,Karas,5858,91.28%,0.27%,1.76%,0.27%,1.19%,5.22%
5900,Kibler,5849,90.17%,5.78%,0.62%,0.24%,1.59%,1.61%
5938,Kilmer,5799,94.00%,0.57%,0.71%,0.47%,1.90%,2.36%
5980,Khoury,5753,90.96%,0.54%,0.70%,0.10%,3.88%,3.82%
6001,Karim,5729,23.16%,14.99%,52.80%,0.58%,5.67%,2.79%
6012,Kinser,5720,95.54%,0.35%,0.37%,0.65%,1.12%,1.98%
6068,Kirksey,5654,40.57%,53.43%,0.25%,0.53%,2.85%,2.37%
6083,Koon,5638,85.47%,5.89%,3.76%,0.78%,1.65%,2.45%
6084,Kwong,5637,1.88%,0.12%,94.94%,0.00%,2.31%,0.75%
6107,Kowalczyk,5615,96.63%,0.23%,0.37%,0.12%,0.55%,2.08%
6109,Kavanaugh,5611,90.77%,3.62%,0.53%,0.48%,1.75%,2.85%
6126,Kennard,5592,72.73%,21.57%,0.75%,0.23%,1.95%,2.77%
6141,Keeley,5578,92.15%,4.52%,0.39%,0.32%,1.17%,1.45%
6143,Karp,5577,94.84%,0.39%,0.75%,0.16%,1.29%,2.56%
6257,Kwok,5458,1.76%,(S),95.66%,(S),1.74%,0.75%
6258,Kite,5457,89.79%,3.43%,1.08%,0.53%,1.56%,3.61%
6267,Knecht,5452,95.34%,0.15%,0.61%,0.40%,1.50%,2.00%
6278,Koons,5442,96.18%,0.39%,0.50%,0.29%,1.08%,1.56%
6278,Korn,5442,91.23%,0.64%,3.95%,0.42%,1.12%,2.63%
6330,Kephart,5390,94.86%,0.33%,0.74%,0.50%,1.58%,1.99%
6353,Kreider,5365,95.86%,0.32%,0.71%,0.24%,1.14%,1.73%
6375,Kerley,5342,89.09%,5.04%,0.60%,1.87%,1.40%,2.00%
6388,Klaus,5328,95.80%,(S),0.56%,(S),1.11%,2.06%
6414,Kavanagh,5301,93.57%,1.89%,0.92%,0.13%,1.28%,2.21%
6424,Koski,5288,94.55%,0.15%,1.04%,0.59%,2.00%,1.66%
6454,Kaylor,5260,93.61%,2.21%,0.65%,0.13%,1.33%,2.07%
6461,Kato,5257,22.77%,4.98%,60.24%,0.55%,6.51%,4.95%
6486,Kile,5234,93.92%,1.28%,0.71%,0.46%,1.78%,1.85%
6490,Kratz,5231,95.09%,0.17%,0.75%,0.32%,1.53%,2.14%
6508,Kahl,5215,95.55%,0.31%,0.63%,0.19%,1.51%,1.80%
6583,Kiel,5146,87.02%,7.77%,1.69%,0.37%,0.93%,2.22%
6589,Kranz,5141,95.86%,0.23%,0.56%,0.10%,1.01%,2.24%
6591,Knighton,5139,60.48%,33.22%,0.23%,0.80%,2.90%,2.37%
6603,Kain,5132,89.58%,1.60%,3.14%,0.27%,2.08%,3.33%
6613,Kellar,5120,90.64%,2.83%,0.92%,0.43%,2.19%,2.99%
6621,Kizer,5116,75.70%,18.43%,0.59%,1.17%,1.92%,2.19%
6630,Kershaw,5109,76.22%,18.28%,0.90%,0.20%,1.86%,2.54%
6694,Kenner,5045,66.62%,27.08%,0.83%,0.48%,2.42%,2.58%
6694,Kitts,5045,92.82%,1.98%,0.63%,0.46%,2.34%,1.76%
6753,Kight,4992,87.32%,7.89%,0.56%,0.50%,2.06%,1.66%
6777,Kessel,4976,92.20%,2.91%,0.86%,0.34%,1.09%,2.59%
6799,Killion,4960,86.71%,5.08%,2.08%,1.45%,2.20%,2.48%
6811,Kingery,4952,95.11%,0.44%,0.53%,0.36%,1.23%,2.32%
6813,Kurth,4951,95.58%,0.87%,0.53%,0.22%,0.99%,1.82%
6843,Koo,4923,4.81%,(S),90.72%,(S),2.15%,1.87%
6847,Kuehl,4918,96.54%,0.14%,0.43%,0.24%,1.02%,1.63%
6853,Kyles,4911,25.74%,68.70%,0.31%,0.53%,2.61%,2.12%
6877,Ku,4888,3.76%,(S),85.31%,(S),3.54%,7.20%
6912,Koval,4855,92.69%,1.05%,1.07%,0.23%,0.97%,4.00%
7013,Kangas,4776,92.02%,0.44%,1.09%,1.15%,1.49%,3.81%
7026,Kindred,4763,66.37%,27.65%,0.63%,0.61%,2.52%,2.23%
7042,Kissel,4756,96.07%,0.29%,0.63%,0.29%,1.18%,1.53%
7116,Kornegay,4702,49.57%,46.13%,0.15%,0.19%,2.02%,1.94%
7135,Killingsworth,4686,77.34%,16.24%,0.41%,1.39%,2.24%,2.39%
7142,Kunkle,4682,96.56%,0.23%,0.45%,0.15%,1.41%,1.20%
7143,Kulp,4681,96.15%,0.28%,0.60%,0.19%,0.83%,1.94%
7184,Kwak,4652,13.39%,(S),84.69%,(S),1.33%,0.34%
7243,Keough,4605,93.90%,0.89%,0.59%,0.22%,1.37%,3.04%
7275,Klatt,4580,95.13%,0.22%,0.79%,0.37%,1.22%,2.27%
7284,Kates,4574,68.61%,23.76%,0.83%,0.39%,2.27%,4.13%
7298,Kell,4568,90.83%,3.26%,0.85%,0.57%,1.55%,2.93%
7317,Keister,4560,95.68%,0.37%,0.48%,0.24%,1.27%,1.95%
7377,Kirschner,4517,95.33%,0.22%,0.66%,0.40%,0.95%,2.44%
7390,Kulkarni,4506,2.33%,(S),95.87%,(S),1.07%,0.44%
7429,Kiger,4484,93.78%,0.83%,0.56%,1.07%,1.85%,1.92%
7481,Kaminsky,4453,96.03%,0.27%,0.65%,0.13%,0.58%,2.34%
7505,Korte,4436,95.38%,0.36%,0.38%,0.14%,1.17%,2.57%
7532,Kolar,4413,89.35%,2.79%,2.95%,0.29%,1.50%,3.13%
7534,Kilby,4412,89.55%,5.98%,0.32%,0.41%,1.47%,2.27%
7543,Kean,4408,88.27%,1.97%,5.06%,0.41%,1.72%,2.56%
7552,Kroeger,4402,96.27%,(S),0.64%,(S),1.07%,1.61%
7559,Knepp,4398,97.45%,(S),0.25%,(S),0.80%,1.32%
7614,Kasten,4366,94.73%,0.62%,1.24%,0.27%,0.92%,2.22%
7643,Kerby,4345,90.24%,4.51%,0.41%,0.76%,2.07%,2.00%
7658,Kowal,4337,95.64%,0.30%,0.69%,0.12%,1.22%,2.03%
7665,Knorr,4333,94.90%,0.83%,0.44%,0.39%,1.36%,2.08%
7673,Kellner,4329,95.47%,(S),0.95%,(S),0.95%,2.33%
7680,Kellam,4323,56.51%,37.01%,1.27%,0.60%,2.71%,1.90%
7680,Kushner,4323,95.05%,(S),0.83%,(S),1.18%,2.24%
7695,Krieg,4314,96.27%,0.39%,0.83%,0.12%,1.14%,1.25%
7737,Kilburn,4290,93.54%,2.75%,0.47%,0.19%,1.33%,1.72%
7791,Kittle,4253,93.32%,2.85%,0.54%,0.33%,1.20%,1.76%
7793,Kellerman,4252,94.71%,0.85%,0.38%,0.33%,1.06%,2.68%
7847,Kershner,4219,95.85%,0.55%,0.47%,0.14%,1.28%,1.71%
7920,Kinsella,4179,95.29%,0.43%,0.65%,0.17%,0.93%,2.54%
7933,Kessinger,4170,95.44%,0.41%,0.72%,0.65%,1.34%,1.44%
7968,Killen,4151,91.04%,4.19%,0.84%,0.43%,1.25%,2.24%
7987,Kittrell,4140,66.64%,28.29%,0.36%,0.82%,2.05%,1.84%
7997,Kastner,4136,92.14%,0.48%,2.20%,0.31%,2.56%,2.30%
8003,Karns,4133,93.98%,1.48%,0.77%,0.53%,1.45%,1.79%
8006,Kamp,4131,94.63%,1.57%,0.94%,0.41%,0.87%,1.57%
8016,Kaul,4128,47.26%,0.92%,46.39%,0.68%,2.25%,2.50%
8032,Kirkham,4121,92.87%,2.14%,0.80%,0.32%,1.33%,2.55%
8042,Ketcham,4115,94.00%,0.92%,0.61%,0.44%,1.36%,2.67%
8055,Kreger,4111,93.99%,0.17%,0.80%,1.19%,1.75%,2.09%
8055,Krull,4111,95.82%,0.34%,0.29%,0.78%,1.09%,1.68%
8065,Kindle,4109,67.32%,23.97%,0.51%,2.77%,3.04%,2.39%
8073,Kinley,4105,83.19%,10.84%,0.71%,1.14%,2.39%,1.73%
8080,Knopp,4103,96.73%,0.22%,0.58%,0.15%,1.02%,1.29%
8102,Kania,4092,85.46%,2.39%,6.82%,0.27%,2.10%,2.96%
8121,Klassen,4084,92.75%,(S),0.76%,(S),1.08%,4.90%
8138,Krupa,4073,96.12%,(S),0.74%,(S),0.93%,1.99%
8164,Kimura,4059,9.16%,(S),77.75%,(S),9.88%,2.96%
8164,Klink,4059,94.83%,0.59%,0.99%,0.17%,1.28%,2.14%
8168,Kučera,4058,96.72%,0.20%,0.49%,0.17%,0.69%,1.72%
8178,Kennon,4053,71.87%,21.86%,0.47%,0.54%,1.95%,3.31%
8184,Kaczmarek,4052,95.95%,(S),0.47%,(S),1.18%,2.20%
8235,Krol,4025,96.25%,0.47%,0.30%,0.52%,0.65%,1.81%
8250,Kugler,4015,95.24%,0.22%,0.60%,0.30%,1.30%,2.34%
8283,Kerner,4001,93.90%,0.77%,0.52%,0.12%,2.02%,2.65%
8285,Kanter,4000,94.00%,0.90%,1.33%,0.25%,1.30%,2.23%
8305,Kiss,3990,93.81%,0.63%,0.68%,0.13%,1.18%,3.58%
8322,Kantor,3982,95.20%,(S),1.10%,(S),1.08%,1.98%
8328,Krall,3980,95.23%,0.43%,0.63%,0.20%,1.38%,2.14%
8333,Kapp,3974,94.31%,(S),0.63%,(S),0.93%,3.55%
8377,Kalinowski,3951,95.95%,(S),0.71%,(S),1.11%,2.02%
8408,Knepper,3930,94.53%,0.84%,0.92%,0.20%,1.50%,2.01%
8408,Kutz,3930,94.86%,0.28%,0.71%,0.28%,1.12%,2.75%
8415,Kalman,3927,87.98%,1.20%,5.63%,0.31%,1.94%,2.95%
8415,Knuth,3927,95.19%,0.53%,0.99%,0.33%,1.02%,1.94%
8504,Kurz,3874,93.99%,0.28%,0.93%,0.34%,1.47%,2.99%
8518,Kale,3864,70.96%,5.23%,18.45%,0.65%,2.38%,2.33%
8568,Kobayashi,3845,5.77%,(S),81.01%,(S),9.15%,3.85%
8581,Kimber,3838,68.55%,25.51%,0.39%,0.70%,2.11%,2.74%
8586,Kenna,3837,89.55%,1.72%,2.58%,0.29%,0.91%,4.95%
8631,Krishnan,3810,2.31%,0.26%,94.70%,0.16%,2.31%,0.26%
8635,Kerwin,3808,92.78%,0.87%,0.95%,0.68%,1.50%,3.23%
8655,Kass,3796,92.62%,1.58%,2.29%,0.16%,1.42%,1.92%
8663,Kapoor,3794,5.35%,0.45%,87.98%,0.40%,4.16%,1.66%
8706,Kallas,3770,90.21%,0.48%,1.43%,0.21%,0.98%,6.68%
8712,Kuang,3767,0.19%,0.27%,98.38%,0.00%,0.64%,0.53%
8714,Kircher,3765,93.63%,1.57%,0.61%,0.21%,1.62%,2.36%
8724,Knighten,3759,47.67%,46.37%,0.37%,1.20%,2.34%,2.05%
8724,Krouse,3759,95.16%,0.43%,0.59%,0.77%,1.14%,1.92%
8749,Kam,3749,14.00%,1.23%,70.95%,0.16%,10.27%,3.39%
8756,Karcher,3746,94.71%,1.20%,0.56%,0.13%,1.63%,1.76%
8802,Krick,3720,94.89%,0.30%,0.81%,0.62%,1.40%,1.99%
8858,Kautz,3699,93.67%,0.46%,0.62%,1.16%,1.32%,2.76%
8911,Kubiak,3674,96.35%,0.46%,0.60%,0.22%,0.93%,1.44%
8920,Kersten,3669,95.80%,0.33%,0.93%,0.30%,1.06%,1.58%
8923,Klingler,3668,95.91%,0.14%,0.46%,0.16%,1.50%,1.83%
8941,Keele,3661,87.82%,4.23%,0.74%,0.85%,3.31%,3.06%
8944,Koger,3660,71.58%,23.33%,0.33%,0.49%,2.05%,2.21%
8946,Kammerer,3659,94.94%,0.14%,0.60%,0.30%,1.31%,2.71%
9090,Koh,3595,4.78%,0.19%,88.65%,0.00%,3.67%,2.70%
9186,Klingensmith,3551,96.85%,0.17%,0.39%,0.14%,0.87%,1.58%
9221,Kerber,3535,92.11%,0.34%,1.10%,0.17%,1.39%,4.89%
9241,Kost,3522,94.12%,0.57%,0.77%,0.71%,1.73%,2.10%
9245,Kennett,3521,89.86%,4.29%,0.99%,0.82%,1.99%,2.04%
9245,Kinsman,3521,93.89%,0.26%,0.77%,0.37%,1.68%,3.04%
9258,Krawczyk,3516,95.88%,0.23%,0.57%,0.17%,1.31%,1.85%
9267,Kellett,3513,95.33%,0.46%,0.74%,0.20%,1.62%,1.65%
9298,Kropp,3500,95.40%,0.23%,0.51%,0.54%,1.31%,2.00%
9320,Keffer,3493,94.93%,0.43%,0.46%,0.57%,1.60%,2.00%
9328,Klimek,3492,95.82%,(S),0.97%,(S),1.37%,1.43%
9332,Kratzer,3490,96.39%,0.60%,(S),(S),1.26%,1.12%
9337,Korman,3488,94.84%,1.12%,(S),(S),1.00%,2.09%
9397,Kempton,3460,92.54%,1.79%,0.55%,0.46%,1.97%,2.69%
9415,Kayser,3454,93.66%,0.23%,1.10%,0.43%,1.53%,3.04%
9466,Kinne,3437,94.04%,1.02%,0.81%,0.38%,1.43%,2.33%
9495,Kettler,3424,94.19%,1.43%,0.55%,0.93%,1.05%,1.84%
9515,Krajewski,3416,96.34%,0.18%,0.41%,0.26%,0.88%,1.93%
9529,Khang,3411,3.11%,0.62%,93.02%,(S),2.67%,(S)
9548,Kisner,3405,94.07%,2.06%,0.53%,0.23%,1.44%,1.67%
9560,Karam,3401,81.51%,1.26%,7.00%,0.18%,2.82%,7.23%
9587,Kegley,3391,94.63%,0.83%,0.56%,0.68%,1.74%,1.56%
9596,Keever,3386,92.97%,0.86%,0.50%,0.92%,1.98%,2.78%
9607,Kleinman,3383,96.48%,0.30%,0.38%,0.15%,1.01%,1.68%
9636,Keesee,3368,82.45%,12.05%,0.30%,1.25%,2.17%,1.78%
9666,Kennelly,3358,95.00%,(S),0.71%,(S),1.16%,2.71%
9679,Kummer,3354,95.71%,(S),1.25%,(S),1.22%,1.55%
9686,Kunze,3351,95.61%,0.42%,0.63%,0.21%,0.87%,2.27%
9850,Kernan,3284,91.47%,1.34%,2.07%,0.30%,1.58%,3.23%
9879,Knisley,3273,95.42%,0.76%,0.40%,0.15%,1.31%,1.96%
9925,Krone,3253,92.47%,2.58%,0.95%,0.37%,1.69%,1.94%
9932,Kenworthy,3248,93.50%,0.43%,0.71%,1.72%,1.42%,2.22%
10001,Keo,3223,2.54%,0.56%,88.21%,2.39%,4.34%,1.95%
10082,Kiker,3197,93.84%,1.85%,0.25%,0.63%,1.19%,2.25%
10088,Kahle,3195,96.24%,0.22%,0.50%,0.34%,1.50%,1.19%
10090,Koziol,3194,96.49%,0.16%,0.28%,0.34%,0.85%,1.88%
10122,Kensinger,3184,95.60%,0.16%,0.75%,0.31%,1.95%,1.22%
10204,Kepler,3157,93.63%,1.14%,0.95%,0.48%,1.20%,2.60%
10211,Korth,3156,94.46%,0.32%,1.27%,0.60%,1.24%,2.12%
10245,Killeen,3146,95.26%,(S),0.70%,(S),1.53%,2.29%
10348,Kung,3113,5.27%,(S),90.59%,(S),2.70%,1.00%
10352,Kral,3112,95.31%,(S),1.06%,(S),0.80%,2.02%
10373,Koepke,3106,95.46%,(S),1.22%,(S),1.09%,1.64%
10387,Kogan,3102,95.00%,0.74%,0.68%,(S),(S),2.90%
10416,Krier,3090,94.11%,1.10%,0.74%,0.39%,1.62%,2.04%
10453,Kime,3076,88.04%,4.42%,1.72%,0.88%,2.02%,2.93%
10480,Kilian,3065,93.51%,0.59%,1.24%,0.23%,1.57%,2.87%
10499,Kyser,3056,77.19%,17.83%,0.26%,0.23%,2.06%,2.42%
10514,Konrad,3052,96.20%,0.39%,0.52%,0.16%,1.11%,1.61%
10520,Khanna,3049,6.76%,0.43%,86.68%,0.23%,5.08%,0.82%
10531,Khalid,3046,11.29%,10.21%,72.26%,0.23%,5.02%,0.98%
10541,Kimes,3042,81.49%,11.67%,0.49%,0.53%,2.43%,3.39%
10548,Kujawa,3039,96.61%,(S),(S),0.43%,1.12%,1.41%
10565,Kincade,3033,73.39%,19.39%,0.49%,1.15%,2.87%,2.70%
10584,Ketterman,3029,95.05%,0.76%,0.43%,1.06%,1.49%,1.22%
10607,Kollar,3019,93.11%,0.93%,1.23%,0.23%,1.26%,3.25%
10613,Kelch,3018,95.00%,1.16%,0.40%,0.30%,1.26%,1.89%
10631,Kula,3012,87.38%,1.63%,5.38%,0.27%,1.89%,3.45%
10638,Kleiman,3009,92.32%,0.70%,(S),(S),1.69%,4.69%
10647,Kan,3005,10.85%,(S),82.60%,(S),3.56%,2.10%
10675,Kinsley,2996,92.36%,1.87%,0.97%,0.63%,1.47%,2.70%
10692,Krupp,2989,96.19%,(S),0.60%,(S),0.94%,2.04%
10715,Klemm,2982,95.31%,0.37%,0.64%,0.37%,1.54%,1.78%
10717,Kuhlmann,2981,95.00%,(S),0.70%,(S),1.68%,2.31%
10758,Keown,2965,95.14%,1.62%,0.67%,0.20%,1.42%,0.94%
10772,Kinnard,2961,64.44%,30.43%,0.61%,0.20%,1.76%,2.57%
10800,Kesterson,2952,95.09%,0.20%,0.37%,0.37%,1.52%,2.44%
10815,Kloss,2945,95.79%,0.41%,0.37%,0.27%,0.98%,2.17%
10837,Kravitz,2938,94.52%,0.65%,0.75%,0.27%,1.43%,2.38%
10891,Kagan,2925,95.83%,(S),0.96%,(S),0.92%,1.85%
10914,Kinchen,2916,50.86%,43.62%,0.45%,0.48%,2.40%,2.19%
10923,Kirkendall,2914,88.30%,5.08%,0.41%,0.89%,1.58%,3.74%
10924,Kiesel,2913,95.06%,0.17%,1.03%,0.27%,1.48%,1.99%
10924,Krell,2913,94.99%,0.24%,0.48%,0.48%,0.89%,2.92%
10968,Kitt,2900,58.38%,32.90%,2.17%,0.52%,2.79%,3.24%
10974,Kalish,2899,95.38%,0.45%,0.72%,0.17%,1.62%,1.66%
10998,Killebrew,2892,69.16%,24.86%,0.38%,0.35%,2.42%,2.84%
11013,Keech,2888,92.21%,2.18%,1.04%,0.69%,2.04%,1.84%
11016,Kelling,2887,91.69%,2.91%,(S),(S),1.80%,2.42%
11073,Kappel,2869,94.39%,(S),1.36%,(S),1.29%,1.99%
11076,Kiely,2868,93.76%,0.49%,0.38%,0.28%,2.16%,2.93%
11086,Kays,2863,94.59%,0.66%,0.28%,0.94%,1.08%,2.44%
11086,Kleinschmidt,2863,95.53%,0.28%,0.56%,0.24%,1.47%,1.92%
11114,Kimbro,2854,75.12%,19.17%,0.32%,0.46%,2.49%,2.45%
11116,Kalb,2853,94.74%,(S),1.19%,(S),1.44%,2.38%
11138,Keels,2843,36.76%,54.03%,0.18%,1.55%,4.71%,2.78%
11138,Kinman,2843,94.27%,1.09%,0.81%,0.28%,1.23%,2.32%
11154,Kubik,2838,96.58%,0.21%,0.18%,0.21%,1.23%,1.59%
11163,Knickerbocker,2834,95.66%,0.28%,0.67%,0.21%,2.01%,1.16%
11189,Kober,2826,94.23%,1.10%,1.10%,0.60%,1.06%,1.91%
11209,Keppler,2820,94.36%,0.46%,0.96%,0.25%,1.10%,2.87%
11209,Kinzer,2820,86.17%,8.48%,0.50%,0.71%,2.02%,2.13%
11228,Killinger,2815,94.67%,0.92%,(S),(S),1.14%,2.24%
11264,Kinkade,2807,93.41%,1.53%,0.61%,0.71%,1.64%,2.10%
11275,Keese,2802,78.02%,17.38%,0.25%,0.71%,1.43%,2.21%
11299,Kovac,2795,94.81%,0.25%,1.47%,0.25%,0.68%,2.54%
11327,Kirtley,2786,88.26%,6.35%,0.50%,0.50%,1.83%,2.55%
11348,Kier,2780,81.65%,9.06%,1.80%,2.30%,2.48%,2.70%
11478,Krahn,2741,95.40%,(S),0.58%,(S),1.24%,2.52%
11516,Karpinski,2731,96.92%,(S),0.59%,(S),0.95%,1.21%
11553,Kerstetter,2721,96.40%,(S),(S),0.59%,1.07%,1.36%
11560,Kaler,2719,84.00%,0.77%,9.23%,1.29%,1.43%,3.27%
11560,Kitterman,2719,94.78%,0.44%,0.85%,0.51%,1.62%,1.80%
11568,Kowalewski,2718,96.54%,(S),0.70%,(S),1.10%,1.40%
11572,Kelton,2717,82.00%,10.89%,0.88%,0.88%,1.95%,3.39%
11578,Ketner,2715,94.07%,0.96%,0.59%,0.48%,1.88%,2.03%
11585,Kleckner,2713,95.98%,0.44%,0.37%,0.33%,1.47%,1.40%
11592,Ketter,2709,80.51%,14.54%,0.63%,0.52%,1.37%,2.44%
11592,Knipp,2709,96.23%,0.26%,0.18%,0.48%,1.44%,1.40%
11614,Kistner,2701,96.22%,0.37%,(S),(S),1.04%,2.00%
11614,Kull,2701,92.30%,0.89%,1.96%,0.26%,1.22%,3.37%
11810,Killough,2650,92.49%,2.30%,0.38%,0.94%,1.13%,2.75%
11818,Kammer,2648,95.69%,0.68%,0.87%,0.23%,1.02%,1.51%
11829,Kosinski,2646,95.88%,(S),0.53%,(S),1.63%,1.66%
11865,Kopec,2639,97.39%,(S),0.34%,(S),1.02%,1.17%
11919,Karsten,2627,94.78%,(S),1.07%,(S),1.48%,1.90%
11932,Kamal,2623,28.10%,5.87%,59.36%,0.23%,5.49%,0.95%
11938,Ketterer,2620,93.66%,1.34%,(S),(S),1.07%,2.82%
11965,Keogh,2612,94.60%,0.34%,0.42%,0.50%,1.88%,2.26%
12043,Kaelin,2590,95.44%,0.46%,0.66%,0.27%,1.04%,2.12%
12048,Kuzma,2588,97.14%,(S),0.46%,(S),0.81%,1.28%
12072,Kearse,2583,23.19%,70.58%,0.27%,0.39%,2.86%,2.71%
12099,Keltner,2576,94.68%,(S),(S),0.54%,1.86%,2.25%
12140,Kleiner,2566,95.21%,(S),0.70%,(S),1.56%,1.87%
12182,Kollman,2558,93.59%,1.45%,1.72%,0.23%,1.29%,1.72%
12188,Knopf,2556,95.81%,0.35%,0.59%,0.27%,1.02%,1.96%
12238,Kondo,2542,35.60%,5.63%,46.62%,0.63%,5.19%,6.33%
12250,Koeller,2539,94.33%,0.59%,0.20%,0.35%,1.65%,2.88%
12333,Kulick,2521,96.39%,0.40%,0.52%,0.20%,1.03%,1.47%
12348,Knuckles,2519,60.62%,34.26%,0.20%,0.75%,2.26%,1.91%
12370,Kehl,2514,94.95%,1.19%,0.64%,0.20%,1.31%,1.71%
12384,Kapadia,2512,4.42%,(S),91.64%,(S),2.67%,0.88%
12407,Keithley,2506,92.42%,2.27%,0.72%,0.48%,2.27%,1.84%
12452,Karlin,2493,93.34%,2.01%,(S),(S),1.12%,2.29%
12467,Kropf,2490,95.38%,(S),0.44%,(S),0.44%,3.29%
12482,Kucharski,2487,96.54%,(S),0.64%,(S),0.76%,1.65%
12504,Klos,2479,75.15%,(S),0.93%,(S),1.05%,22.07%
12531,Kovar,2473,95.15%,(S),0.53%,(S),1.09%,2.59%
12548,Koop,2468,93.31%,0.57%,1.01%,1.09%,1.94%,2.07%
12587,Keeter,2459,92.23%,2.20%,0.49%,1.63%,2.07%,1.38%
12607,Kamin,2455,87.13%,5.17%,3.34%,(S),2.20%,(S)
12616,Kaster,2453,93.72%,1.67%,0.77%,0.37%,0.94%,2.53%
12644,Konopka,2447,96.73%,(S),0.37%,(S),0.82%,1.92%
12667,Klee,2440,89.59%,0.82%,1.56%,0.70%,1.80%,5.53%
12715,Kinsler,2428,80.27%,16.43%,0.49%,0.25%,1.28%,1.28%
12732,Kaneshiro,2424,4.08%,(S),77.72%,(S),13.78%,4.25%
12732,Kirwan,2424,91.46%,2.19%,1.65%,0.37%,1.61%,2.72%
12766,Koopman,2417,95.41%,(S),0.62%,(S),1.41%,2.03%
12775,Kopf,2415,94.58%,0.21%,0.58%,0.21%,1.24%,3.19%
12785,Klock,2413,94.61%,0.54%,0.87%,0.33%,1.70%,1.95%
12789,Kuiper,2412,95.90%,(S),0.70%,(S),1.24%,1.78%
12807,Kimsey,2408,93.36%,2.37%,(S),(S),1.12%,2.12%
12837,Karn,2398,91.45%,1.21%,4.21%,0.25%,0.92%,1.96%
12872,Kimberlin,2391,93.18%,0.84%,0.75%,1.05%,1.55%,2.63%
12878,Kemmerer,2390,96.11%,(S),0.46%,(S),0.92%,2.18%
12935,Kromer,2375,95.24%,0.38%,0.59%,0.00%,1.01%,2.78%
12953,Kilroy,2371,95.36%,(S),0.76%,(S),1.39%,2.19%
12981,Klem,2365,89.98%,1.06%,5.84%,0.38%,1.06%,1.69%
12986,Kilbourne,2364,76.82%,16.96%,0.51%,0.93%,2.20%,2.58%
12994,Klosterman,2363,96.70%,(S),0.63%,(S),1.27%,1.14%
13023,Kestner,2358,97.03%,(S),0.47%,(S),0.85%,1.15%
13023,Knutsen,2358,94.36%,0.42%,0.42%,1.53%,1.44%,1.82%
13057,Kron,2351,94.17%,0.34%,1.79%,0.85%,0.89%,1.96%
13166,Kissell,2322,95.61%,0.39%,0.26%,0.86%,0.86%,2.02%
13177,Kennison,2320,88.15%,4.44%,0.86%,0.73%,2.84%,2.97%
13230,Keifer,2309,93.33%,0.43%,1.00%,1.00%,1.65%,2.60%
13283,Kerlin,2296,94.21%,0.65%,0.52%,1.52%,0.83%,2.26%
13306,Kennell,2292,86.21%,9.21%,0.61%,0.65%,1.44%,1.88%
13334,Korb,2287,96.06%,0.35%,0.44%,0.61%,0.57%,1.97%
13357,Knobloch,2282,96.14%,(S),0.39%,(S),1.31%,1.84%
13445,Kołodziej,2265,96.51%,(S),0.57%,(S),0.57%,1.90%
13456,Kring,2263,94.39%,(S),1.59%,(S),1.28%,1.81%
13491,Kear,2252,87.52%,3.51%,3.51%,0.49%,1.60%,3.37%
13509,Klepper,2245,93.10%,0.45%,1.07%,0.45%,2.36%,2.58%
13517,Kuebler,2244,97.10%,(S),0.62%,(S),0.58%,1.20%
13531,Krumm,2242,95.76%,(S),0.85%,(S),0.71%,2.32%
13564,Kneeland,2236,85.60%,8.09%,0.27%,1.65%,1.97%,2.42%
13625,Kreutzer,2223,96.58%,(S),0.94%,(S),0.45%,1.75%
13660,Kitzmiller,2216,96.12%,(S),0.32%,(S),1.67%,1.62%
13660,Kluge,2216,94.58%,0.68%,0.99%,0.27%,0.72%,2.75%
13682,Kirchoff,2213,95.98%,0.27%,0.36%,0.27%,1.22%,1.90%
13690,Knauss,2212,95.16%,0.68%,0.77%,0.23%,1.36%,1.81%
13700,Kinslow,2210,80.32%,13.39%,0.59%,1.45%,1.72%,2.53%
13737,Kittel,2203,92.74%,1.50%,0.95%,0.36%,1.68%,2.77%
13741,Kamm,2202,94.64%,0.36%,1.41%,0.36%,1.50%,1.73%
13746,Kitson,2201,85.23%,8.50%,1.32%,2.64%,0.95%,1.36%
13771,Kirkley,2197,85.48%,8.69%,0.91%,0.46%,1.96%,2.50%
13781,Kulas,2195,93.67%,(S),1.59%,(S),0.82%,3.51%
13867,Kegler,2179,59.61%,36.03%,(S),(S),1.97%,2.02%
13911,Knauer,2171,95.76%,(S),0.55%,(S),1.29%,1.89%
13926,Kelliher,2168,95.76%,(S),(S),0.51%,1.48%,1.71%
13926,Klima,2168,94.14%,(S),1.66%,(S),1.15%,1.75%
13949,Kinlaw,2164,60.91%,34.20%,(S),(S),1.80%,1.80%
13953,Kurian,2163,10.31%,0.55%,86.36%,0.28%,1.53%,0.97%
13991,Kees,2154,85.79%,10.91%,0.65%,0.56%,1.16%,0.93%
14006,Karlson,2150,94.70%,0.56%,1.02%,0.33%,1.72%,1.67%
14006,Kohli,2150,28.14%,0.37%,68.23%,0.00%,2.47%,0.79%
14076,Kulik,2137,94.95%,(S),0.66%,(S),1.45%,2.15%
14093,Kahan,2133,89.22%,2.53%,4.78%,(S),(S),2.20%
14220,Kohls,2110,96.21%,(S),0.47%,(S),1.23%,1.90%
14227,Kepner,2108,95.40%,(S),0.47%,(S),1.19%,2.47%
14299,Kriner,2093,93.41%,1.77%,0.76%,0.48%,1.86%,1.72%
14307,Kettle,2092,84.56%,6.26%,0.48%,4.68%,1.67%,2.34%
14382,Kimberly,2078,89.08%,3.71%,1.20%,0.58%,1.44%,3.99%
14392,Kyler,2077,76.31%,18.44%,0.72%,1.01%,1.83%,1.69%
14419,Klopp,2073,95.75%,(S),0.72%,(S),0.96%,2.17%
14427,Kothari,2071,2.99%,(S),93.72%,(S),2.56%,0.43%
14434,Keiper,2070,96.81%,(S),0.58%,(S),1.16%,0.92%
14478,Kelson,2062,61.25%,32.10%,1.02%,0.44%,3.25%,1.94%
14549,Kast,2048,95.17%,0.39%,0.93%,0.39%,0.93%,2.20%
14558,Knaus,2047,94.33%,0.49%,0.98%,0.78%,1.76%,1.66%
14579,Kerry,2043,83.50%,10.62%,(S),(S),2.20%,1.86%
14631,Kopecký,2034,95.82%,(S),0.64%,(S),1.08%,2.21%
14636,Keely,2033,86.62%,7.82%,0.74%,1.23%,1.48%,2.12%
14643,Krum,2032,92.91%,(S),2.36%,(S),1.43%,2.17%
14656,Kash,2030,92.66%,2.17%,1.48%,0.34%,1.18%,2.17%
14691,Kelty,2024,85.72%,7.91%,1.04%,0.35%,1.24%,3.75%
14713,Klick,2019,93.56%,0.45%,0.25%,1.93%,1.93%,1.88%
14768,Keehn,2011,96.27%,(S),0.40%,(S),0.90%,1.84%
14768,Kelm,2011,95.67%,(S),0.50%,(S),1.09%,2.09%
14814,Kohut,2002,96.35%,(S),0.80%,(S),0.85%,1.65%
14834,Kinnear,1998,85.84%,9.51%,0.65%,0.40%,1.85%,1.75%
14842,Kelsch,1996,96.54%,(S),0.50%,(S),1.25%,1.05%
14854,Knights,1994,60.48%,34.35%,0.30%,0.25%,1.65%,2.96%
14870,Kaba,1991,21.35%,70.32%,3.57%,(S),(S),2.86%
14870,Khatri,1991,2.71%,0.35%,92.62%,0.40%,2.56%,1.36%
14881,Kimmons,1988,60.16%,35.21%,(S),(S),2.21%,1.71%
14893,Kalina,1987,95.37%,0.25%,0.75%,0.25%,0.91%,2.47%
14943,Kesner,1980,93.54%,1.16%,0.56%,0.76%,1.36%,2.63%
14950,Kabir,1978,8.29%,4.15%,80.74%,0.66%,4.85%,1.31%
15048,Kuster,1963,95.21%,0.76%,(S),(S),1.17%,2.14%
15056,Kresge,1961,95.82%,(S),0.82%,(S),1.38%,1.53%
15066,Karst,1958,94.84%,0.46%,0.82%,0.41%,1.69%,1.79%
15090,Keathley,1955,92.74%,1.84%,0.41%,1.07%,1.64%,2.30%
15099,Kaspar,1954,93.81%,(S),1.33%,(S),0.87%,3.58%
15127,Khuu,1949,0.56%,0.00%,97.49%,0.00%,1.33%,0.62%
15151,Keplinger,1946,94.66%,0.57%,0.57%,0.31%,2.52%,1.39%
15183,Kail,1940,88.66%,1.70%,4.28%,0.62%,2.01%,2.73%
15262,Kuchta,1925,96.42%,(S),0.47%,(S),0.73%,2.18%
15309,Kinner,1917,89.05%,6.00%,(S),(S),2.09%,2.09%
15386,Katzman,1906,95.91%,(S),0.47%,(S),1.47%,1.68%
15386,Kolbe,1906,96.07%,0.37%,0.47%,0.47%,1.42%,1.21%
15406,Kiehl,1902,96.48%,(S),(S),0.68%,1.47%,0.95%
15409,Kreps,1901,94.90%,1.42%,(S),(S),1.37%,1.63%
15429,Krout,1899,94.42%,1.84%,(S),(S),1.05%,1.84%
15494,Ke,1890,8.94%,(S),84.76%,(S),3.23%,1.59%
15494,Kuester,1890,96.51%,(S),0.32%,(S),1.16%,1.48%
15503,Kinch,1888,85.12%,9.53%,(S),(S),1.27%,3.07%
15533,Kadlec,1884,95.65%,0.27%,0.53%,0.42%,1.11%,2.02%
15571,Kibbe,1878,92.86%,1.97%,0.64%,0.59%,1.49%,2.45%
15611,Kindel,1872,84.99%,3.21%,(S),(S),1.12%,9.56%
15611,Kleven,1872,94.98%,(S),0.96%,(S),1.01%,2.56%
15615,Kittinger,1871,95.30%,(S),0.53%,(S),0.69%,2.73%
15692,Kemble,1859,89.13%,2.42%,0.38%,3.39%,1.94%,2.74%
15692,Kemmer,1859,92.58%,2.04%,0.54%,0.81%,1.56%,2.47%
15700,Karimi,1858,63.78%,3.61%,11.63%,0.27%,17.22%,3.50%
15743,Kirschbaum,1852,97.14%,(S),0.43%,(S),0.81%,1.19%
15748,Kinnison,1851,92.49%,2.92%,0.43%,0.81%,1.57%,1.78%
15748,Kirchhoff,1851,95.03%,(S),0.70%,(S),1.51%,2.32%
15748,Kirkbride,1851,94.44%,(S),0.97%,(S),1.84%,2.11%
15763,Knisely,1849,96.70%,(S),0.81%,(S),0.87%,1.41%
15818,Ketron,1841,95.76%,0.49%,0.81%,0.49%,1.14%,1.30%
15845,Kluck,1837,96.19%,(S),0.65%,(S),0.98%,1.96%
15857,Kolesar,1835,96.35%,(S),0.54%,(S),0.87%,1.80%
15931,Keesler,1824,94.79%,0.49%,0.60%,0.66%,1.75%,1.70%
15970,Kirch,1818,95.60%,(S),0.61%,(S),1.38%,1.93%
15970,Kue,1818,2.92%,0.99%,93.73%,0.00%,1.76%,0.61%
16125,Kinnaman,1795,93.70%,0.39%,0.95%,0.72%,1.00%,3.23%
16136,Kersh,1793,80.26%,13.83%,0.78%,0.50%,2.01%,2.62%
16150,Kirton,1791,49.19%,41.49%,0.95%,0.45%,2.23%,5.70%
16161,Krejci,1789,96.65%,0.00%,0.34%,0.00%,1.06%,1.96%
16179,Kivett,1786,95.58%,0.50%,0.28%,0.28%,0.62%,2.74%
16179,Knop,1786,95.13%,1.23%,0.34%,0.56%,1.46%,1.29%
16203,Kazmierczak,1782,96.52%,0.28%,(S),(S),0.51%,2.53%
16238,Kells,1778,80.88%,7.76%,2.42%,0.67%,1.91%,6.36%
16261,Kinkead,1774,91.60%,2.25%,0.56%,1.24%,2.09%,2.25%
16273,Koren,1772,95.99%,(S),0.68%,(S),0.90%,1.86%
16305,Karle,1768,93.10%,(S),2.15%,(S),1.92%,1.92%
16327,Keitt,1765,16.26%,78.53%,(S),(S),1.81%,2.83%
16362,Kraker,1760,95.51%,0.51%,0.45%,0.28%,1.42%,1.82%
16376,Kiesling,1758,94.14%,(S),0.63%,(S),1.42%,3.47%
16376,Kroger,1758,91.30%,2.39%,0.46%,0.46%,1.65%,3.75%
16385,Kreis,1757,94.59%,0.28%,0.74%,0.68%,1.71%,1.99%
16444,Kamps,1749,97.66%,(S),0.51%,(S),0.80%,0.86%
16462,Kinyon,1746,89.86%,2.92%,1.03%,0.69%,2.00%,3.49%
16462,Kott,1746,95.19%,0.86%,(S),(S),0.97%,2.12%
16481,Kennington,1743,93.23%,0.63%,0.52%,0.86%,1.09%,3.67%
16481,Kimbell,1743,82.67%,12.28%,(S),(S),1.32%,2.93%
16502,Kittredge,1741,94.95%,(S),0.57%,(S),1.21%,3.04%
16502,Kurland,1741,93.28%,0.57%,1.84%,0.69%,1.90%,1.72%
16509,Konieczny,1740,96.38%,(S),(S),(S),0.29%,2.87%
16519,Kin,1739,28.29%,2.99%,60.21%,(S),(S),6.33%
16560,Koepp,1733,93.88%,(S),0.52%,(S),2.48%,2.60%
16560,Koroma,1733,0.75%,97.75%,(S),(S),0.75%,0.52%
16601,Kocsis,1727,95.54%,0.52%,(S),(S),1.22%,2.37%
16630,Kruk,1724,96.06%,(S),0.64%,(S),0.70%,2.26%
16675,Kukla,1718,94.12%,0.29%,0.35%,0.41%,1.22%,3.61%
16679,Kurowski,1717,95.46%,(S),0.64%,(S),1.28%,1.98%
16696,Kennerly,1715,56.68%,35.63%,0.70%,2.51%,2.74%,1.75%
16707,Knipe,1713,89.49%,3.97%,0.82%,0.88%,1.34%,3.50%
16720,Kaczor,1711,95.68%,(S),0.47%,(S),1.46%,1.87%
16728,Klass,1710,88.71%,6.32%,0.76%,0.64%,1.40%,2.16%
16734,Kepley,1709,95.90%,(S),(S),0.88%,0.82%,1.58%
16748,Kittleson,1707,95.66%,0.35%,0.76%,0.35%,0.59%,2.28%
16761,Kafka,1705,93.49%,(S),1.29%,(S),1.35%,3.46%
16765,Kendricks,1704,18.43%,73.59%,(S),(S),4.64%,2.76%
16775,Kurek,1703,95.95%,0.41%,(S),(S),0.70%,2.47%
16798,Kuss,1700,87.24%,8.00%,(S),(S),2.71%,1.18%
16802,Krom,1699,92.94%,0.65%,1.88%,0.94%,1.18%,2.41%
16833,Kaser,1696,94.75%,(S),1.06%,(S),1.47%,1.89%
16900,Komar,1685,92.28%,(S),3.56%,(S),1.42%,1.78%
16968,Kintz,1675,94.69%,0.54%,0.36%,0.54%,1.31%,2.57%
17005,Kebede,1671,1.56%,95.99%,(S),(S),1.62%,0.36%
17014,Knoblauch,1670,95.21%,0.42%,(S),(S),1.38%,2.69%
17026,Kassa,1669,24.09%,72.80%,0.90%,(S),(S),1.26%
17026,Kincheloe,1669,89.33%,2.58%,0.48%,1.26%,2.70%,3.65%
17026,Kos,1669,94.61%,0.90%,1.32%,0.00%,1.20%,1.98%
17056,Knudtson,1665,95.92%,(S),0.90%,(S),0.84%,1.80%
17063,Koury,1664,94.23%,(S),(S),0.42%,0.72%,4.03%
17072,Kirst,1663,91.40%,2.10%,1.26%,0.90%,1.44%,2.89%
17087,Kendig,1661,94.22%,(S),0.54%,(S),0.90%,3.97%
17169,Kuper,1650,92.48%,(S),0.67%,(S),1.52%,4.91%
17193,Killam,1647,93.50%,0.55%,0.73%,0.97%,1.58%,2.67%
17193,Kuehne,1647,93.38%,0.49%,0.73%,0.61%,2.19%,2.61%
17258,Klar,1641,89.40%,(S),5.55%,(S),1.65%,2.32%
17268,Kliewer,1640,95.91%,(S),0.61%,(S),1.28%,1.40%
17274,Kimbler,1639,93.53%,2.07%,(S),(S),1.22%,2.01%
17356,Keisler,1628,94.90%,2.27%,0.55%,0.31%,0.68%,1.29%
17359,Kump,1627,95.57%,0.74%,0.61%,(S),(S),2.46%
17379,Kuck,1625,95.82%,(S),1.05%,(S),0.86%,1.78%
17385,Kappes,1624,96.00%,(S),0.49%,(S),1.29%,1.85%
17398,Kok,1622,63.38%,1.66%,32.31%,(S),1.36%,(S)
17406,Kontos,1621,93.15%,0.93%,(S),(S),0.99%,4.38%
17432,Knouse,1618,97.40%,(S),0.56%,(S),0.62%,0.87%
17472,Kerney,1613,71.42%,23.06%,0.99%,0.68%,1.05%,2.79%
17502,Kort,1610,90.06%,(S),1.37%,(S),2.30%,4.97%
17530,Kittelson,1606,95.21%,(S),0.81%,(S),1.06%,2.37%
17530,Knee,1606,92.15%,(S),3.24%,(S),2.05%,1.99%
17541,Klopfenstein,1604,96.07%,0.31%,1.31%,0.31%,1.06%,0.94%
17565,Kerrick,1601,91.19%,4.00%,(S),(S),0.75%,3.12%
17572,Kogut,1600,95.00%,1.63%,0.44%,0.44%,0.94%,1.56%
17582,Kindig,1599,94.12%,0.38%,0.75%,0.75%,1.25%,2.75%
17596,Kifer,1597,93.99%,0.75%,0.81%,1.25%,2.07%,1.13%
17625,Kea,1594,39.34%,29.55%,16.12%,(S),8.34%,(S)
17625,Knupp,1594,96.74%,(S),1.07%,(S),0.56%,1.13%
17639,Kreiser,1593,97.55%,(S),0.38%,(S),0.44%,1.19%
17691,Kies,1586,94.26%,(S),0.32%,(S),1.77%,3.09%
17709,Krenz,1584,95.71%,(S),0.63%,(S),1.33%,1.70%
17720,Kincer,1582,95.45%,0.76%,0.44%,0.44%,0.88%,2.02%
17745,Kmetz,1579,97.40%,(S),(S),0.63%,0.44%,1.33%
17752,Knerr,1578,95.82%,(S),0.76%,(S),1.52%,1.33%
17752,Kohan,1578,86.44%,2.60%,2.28%,0.00%,2.41%,6.27%
17789,Kind,1574,83.61%,13.47%,(S),(S),0.70%,1.52%
17823,Knaub,1570,96.82%,(S),0.64%,(S),0.70%,1.40%
17823,Koehl,1570,94.08%,(S),0.64%,(S),1.66%,3.12%
17911,Krogh,1561,95.00%,0.58%,0.51%,0.70%,1.54%,1.67%
17927,Kuczyński,1559,96.79%,(S),0.32%,(S),0.83%,1.54%
17958,Keaney,1556,91.52%,2.38%,0.64%,0.64%,1.74%,3.08%
17970,Kozel,1555,95.56%,(S),0.51%,(S),1.03%,2.57%
17980,Kannan,1553,7.86%,0.32%,89.50%,0.45%,1.48%,0.39%
17992,Kamau,1552,3.03%,88.53%,3.16%,(S),4.12%,(S)
18036,Kroening,1547,96.77%,0.00%,0.32%,1.23%,0.71%,0.97%
18078,Kehr,1542,96.50%,(S),0.91%,(S),1.10%,1.30%
18078,Kurt,1542,90.01%,2.20%,1.88%,0.45%,1.82%,3.63%
18106,Kowalsky,1538,96.42%,(S),0.91%,(S),0.78%,1.63%
18144,Kuipers,1534,95.96%,0.46%,0.72%,1.04%,1.17%,0.65%
18156,Kriebel,1533,97.72%,(S),(S),0.33%,0.85%,0.65%
18166,Kleist,1532,96.08%,(S),0.85%,(S),0.72%,2.09%
18184,Kirkendoll,1530,55.10%,39.35%,(S),(S),2.81%,1.76%
18198,Kenton,1529,69.91%,14.85%,0.39%,8.89%,1.70%,4.25%
18198,Klump,1529,95.68%,(S),(S),0.92%,1.11%,1.44%
18237,Kovarik,1525,96.46%,(S),0.85%,(S),0.98%,1.51%
18246,Knebel,1523,97.90%,(S),(S),0.00%,0.39%,1.31%
18272,Kohr,1520,94.93%,0.39%,0.72%,0.79%,1.32%,1.84%
18296,Kassab,1517,91.10%,(S),0.86%,(S),4.94%,2.90%
18296,Keita,1517,2.70%,93.61%,(S),(S),2.37%,0.66%
18296,Khatun,1517,0.59%,(S),96.70%,(S),2.04%,0.33%
18337,Kot,1511,88.95%,0.60%,6.68%,0.46%,1.39%,1.92%
18354,Kreitzer,1509,96.95%,(S),(S),(S),1.59%,0.86%
18385,Karch,1506,94.29%,0.53%,(S),(S),1.39%,3.19%
18385,Kimpel,1506,90.31%,5.18%,0.80%,0.33%,1.20%,2.19%
18385,Kirven,1506,48.67%,44.49%,0.46%,0.40%,2.12%,3.85%
18401,Koshy,1505,2.99%,(S),94.22%,(S),1.79%,0.60%
18457,Kardos,1499,92.73%,(S),1.00%,(S),2.20%,3.27%
18523,Konkel,1490,95.30%,(S),(S),0.47%,1.88%,2.01%
18540,Koerber,1488,94.89%,0.87%,0.74%,0.60%,1.21%,1.68%
18572,Keebler,1485,93.74%,3.10%,0.54%,0.34%,1.21%,1.08%
18633,Kamel,1477,87.75%,(S),3.86%,(S),2.98%,3.93%
18648,Khawaja,1475,17.69%,1.02%,75.66%,0.00%,4.14%,1.49%
18660,Kloster,1474,95.12%,(S),(S),0.61%,1.83%,2.17%
18694,Klose,1470,95.10%,(S),0.54%,(S),1.70%,2.04%
18703,Koza,1469,95.44%,(S),1.91%,(S),1.16%,1.43%
18751,Kazi,1463,6.63%,(S),85.85%,(S),4.72%,1.50%
18757,Kriss,1462,94.53%,0.34%,1.37%,0.48%,1.09%,2.19%
18766,Knarr,1461,97.54%,(S),0.34%,(S),0.55%,1.23%
18786,Kriz,1459,94.93%,(S),1.30%,(S),1.37%,1.92%
