Rank,Name,Count,White,Black,API,AIAN,2+ Races,Hispanic
11,Hernández,1043281,3.79%,0.36%,0.60%,0.19%,0.16%,94.89%
25,Harris,624252,51.40%,42.39%,0.47%,0.67%,2.80%,2.26%
39,Hill,434827,64.36%,29.12%,0.53%,0.97%,2.51%,2.51%
45,Hall,407076,72.65%,21.59%,0.64%,0.65%,2.22%,2.25%
75,Howard,264826,64.31%,29.49%,0.50%,0.87%,2.46%,2.37%
90,Hughes,236271,78.39%,16.13%,0.50%,0.53%,1.97%,2.47%
109,Henderson,218393,59.63%,33.98%,0.45%,0.86%,2.56%,2.51%
119,Hamilton,201746,70.21%,23.71%,0.54%,0.80%,2.29%,2.45%
127,Hayes,194246,69.38%,24.69%,0.49%,0.81%,2.34%,2.29%
129,Herrera,192711,4.92%,0.36%,0.96%,0.51%,0.22%,93.03%
141,Harrison,181091,68.66%,24.45%,0.52%,1.39%,2.27%,2.70%
149,Henry,170964,61.43%,30.68%,0.84%,1.87%,2.34%,2.84%
160,Hunter,162440,60.78%,32.69%,0.48%,1.02%,2.63%,2.41%
169,Hunt,158421,73.57%,16.93%,0.61%,4.23%,2.35%,2.31%
170,Hicks,158320,67.37%,26.88%,0.42%,0.98%,2.23%,2.13%
171,Holmes,156780,56.79%,37.28%,0.42%,0.76%,2.37%,2.38%
200,Hawkins,139751,61.08%,32.75%,0.48%,0.69%,2.50%,2.50%
204,Hansen,137977,94.22%,0.53%,0.74%,0.49%,1.47%,2.54%
207,Hart,137184,80.54%,13.64%,0.56%,0.73%,2.01%,2.52%
214,Hudson,134963,66.88%,27.42%,0.46%,0.84%,2.20%,2.20%
224,Hoffman,131401,94.08%,1.26%,0.63%,0.56%,1.34%,2.12%
245,Harper,124461,67.90%,26.22%,0.49%,0.72%,2.36%,2.31%
266,Harvey,115662,68.00%,25.00%,0.52%,1.71%,2.25%,2.52%
272,Howell,112041,79.48%,15.08%,0.46%,0.72%,1.80%,2.46%
276,Hanson,111144,92.11%,2.85%,0.70%,0.67%,1.55%,2.11%
305,Holland,102538,76.77%,17.67%,0.46%,0.57%,2.16%,2.37%
322,Hopkins,96810,73.56%,20.66%,0.48%,0.92%,2.25%,2.14%
358,Holt,87531,79.38%,14.85%,0.57%,0.87%,2.24%,2.10%
362,Hale,86618,82.23%,11.41%,0.54%,1.19%,2.21%,2.42%
364,Hail,86240,73.14%,21.60%,0.37%,0.53%,2.09%,2.27%
366,Haynes,85974,61.08%,33.19%,0.42%,0.58%,2.25%,2.47%
367,Horton,85195,69.99%,24.30%,0.52%,0.69%,2.27%,2.23%
399,Hardy,80252,61.47%,32.34%,0.50%,1.20%,2.27%,2.22%
400,Higgins,79803,83.91%,10.77%,0.56%,0.56%,1.90%,2.30%
438,Harmon,74737,77.26%,17.02%,0.53%,0.73%,2.12%,2.34%
456,Huang,72328,0.90%,0.11%,97.14%,0.02%,1.42%,0.40%
462,Hines,71717,57.72%,36.73%,0.49%,0.49%,2.31%,2.25%
470,Hubbard,70362,71.05%,23.15%,0.45%,0.90%,2.30%,2.15%
471,Hodges,70223,73.41%,20.90%,0.48%,0.56%,2.08%,2.57%
481,Hammond,69515,78.23%,16.09%,0.64%,0.69%,2.16%,2.19%
482,Hampton,69472,53.70%,40.30%,0.40%,0.72%,2.67%,2.21%
500,Harrington,66959,82.01%,12.38%,0.72%,0.64%,1.84%,2.41%
524,Hartman,64106,93.86%,1.62%,0.65%,0.45%,1.29%,2.13%
536,Hogan,63085,80.12%,14.44%,0.53%,0.61%,1.84%,2.46%
564,Hess,59486,94.63%,0.93%,0.55%,0.53%,1.38%,1.98%
576,Holloway,58040,58.27%,36.07%,0.40%,0.61%,2.53%,2.12%
580,Hoover,57497,92.03%,3.37%,0.59%,0.64%,1.50%,1.87%
592,Houston,56900,52.07%,41.49%,0.50%,0.63%,2.81%,2.51%
612,Huff,55484,81.37%,13.41%,0.52%,0.70%,1.88%,2.11%
616,Hood,55174,74.07%,20.16%,0.52%,1.00%,2.07%,2.18%
620,Huynh,54996,0.82%,0.09%,96.68%,0.02%,1.72%,0.67%
643,Hodge,52920,68.67%,24.92%,0.43%,0.65%,2.43%,2.90%
655,Horn,52138,85.15%,8.65%,0.98%,1.18%,1.82%,2.22%
660,Heath,51877,80.30%,14.38%,0.51%,0.77%,1.80%,2.24%
668,Hensley,51081,92.83%,1.88%,0.47%,0.98%,1.79%,2.06%
671,Harrell,50837,66.08%,28.84%,0.35%,0.51%,2.20%,2.01%
674,Huffman,50786,91.20%,4.31%,0.46%,0.47%,1.64%,1.91%
681,Hancock,50558,87.33%,7.65%,0.48%,0.61%,1.70%,2.23%
691,Ho,49817,2.42%,0.20%,93.06%,0.03%,3.21%,1.08%
705,Humphrey,49056,71.31%,23.21%,0.45%,0.67%,2.10%,2.26%
710,Hutchinson,48781,75.38%,18.49%,0.71%,0.72%,2.20%,2.51%
717,Hobbs,48522,79.07%,15.54%,0.38%,0.81%,1.96%,2.25%
728,Henson,48013,82.06%,10.79%,1.03%,1.30%,2.45%,2.37%
735,Huerta,47455,3.78%,0.20%,0.27%,0.14%,0.14%,95.47%
749,Hurst,46244,84.50%,10.53%,0.47%,0.54%,1.79%,2.18%
802,Hendricks,43197,75.70%,17.40%,0.56%,1.35%,2.21%,2.78%
807,Hull,43018,85.54%,8.62%,0.62%,0.74%,1.88%,2.60%
817,Hardin,42469,77.67%,16.00%,0.58%,1.41%,2.19%,2.15%
820,Howe,42265,90.62%,3.18%,0.99%,1.27%,1.83%,2.10%
826,Herman,41750,90.49%,3.40%,0.90%,1.01%,1.26%,2.94%
836,Hebert,41275,90.43%,4.85%,0.45%,0.55%,1.35%,2.36%
838,Hickman,41163,75.17%,18.66%,0.45%,1.26%,2.20%,2.27%
844,House,41000,75.10%,18.70%,0.42%,1.47%,2.25%,2.05%
859,Hahn,40250,90.16%,0.48%,5.69%,0.33%,1.30%,2.04%
867,Hanna,39890,87.09%,6.40%,0.98%,0.57%,2.24%,2.71%
870,Hurley,39796,90.71%,4.64%,0.65%,0.62%,1.48%,1.90%
871,Harding,39787,80.14%,13.64%,0.61%,0.88%,2.19%,2.53%
894,Herring,38733,72.71%,22.05%,0.41%,0.45%,2.16%,2.21%
917,Haley,37858,81.27%,13.23%,0.54%,0.72%,2.00%,2.24%
921,Horne,37689,70.93%,24.03%,0.55%,0.57%,1.94%,1.98%
930,Hayden,37451,80.59%,14.05%,0.65%,0.44%,2.03%,2.25%
933,Huber,37170,95.17%,0.41%,0.64%,0.31%,1.36%,2.11%
976,Hester,35642,73.10%,21.94%,0.52%,0.50%,2.18%,1.76%
979,Hinton,35606,53.16%,40.63%,0.37%,1.17%,2.58%,2.09%
991,Hendrix,35194,77.99%,16.18%,0.47%,0.71%,2.23%,2.41%
1001,Haas,34918,95.16%,0.30%,0.54%,0.44%,1.21%,2.35%
1008,Holden,34824,76.83%,17.62%,0.54%,0.80%,2.10%,2.11%
1017,Hatfield,34381,92.60%,2.83%,0.47%,0.49%,1.65%,1.96%
1020,Hooper,34247,79.46%,13.92%,0.63%,1.30%,2.17%,2.53%
1021,Hays,34191,91.57%,3.28%,0.58%,0.61%,1.71%,2.25%
1027,Haney,33898,87.05%,7.51%,0.51%,0.89%,1.94%,2.10%
1040,Holder,33465,73.12%,20.77%,0.52%,0.74%,1.98%,2.87%
1069,Holman,32788,69.54%,24.54%,0.44%,0.74%,2.10%,2.64%
1106,Hong,31670,7.23%,0.97%,88.12%,0.19%,2.33%,1.15%
1124,Hartley,31221,88.90%,6.52%,0.59%,0.42%,1.55%,2.01%
1160,Hurtado,30286,4.75%,0.35%,0.42%,0.39%,0.19%,93.90%
1162,Hendrickson,30259,91.79%,2.51%,0.61%,0.94%,1.81%,2.34%
1163,Holley,30231,65.06%,29.80%,0.47%,0.52%,2.16%,1.98%
1182,Han,29847,4.24%,0.50%,92.67%,0.07%,1.70%,0.82%
1185,Hoang,29798,1.41%,0.13%,96.05%,0.00%,1.61%,0.79%
1191,Hewitt,29694,82.77%,11.71%,0.61%,0.60%,1.84%,2.48%
1201,Haines,29462,89.91%,5.11%,0.54%,0.69%,1.63%,2.12%
1206,Hickey,29350,92.21%,2.70%,0.59%,0.41%,1.49%,2.61%
1210,Hatcher,29235,68.00%,26.36%,0.47%,0.79%,2.50%,1.88%
1213,Hyde,29094,86.16%,8.27%,0.64%,0.66%,1.62%,2.66%
1223,Hilton,28918,78.28%,15.64%,0.64%,0.58%,2.00%,2.86%
1227,Holcomb,28852,88.57%,5.98%,0.61%,0.75%,1.71%,2.38%
1233,Hollis,28617,65.53%,28.95%,0.45%,0.49%,2.26%,2.32%
1253,Hastings,28015,88.99%,5.07%,0.60%,0.84%,1.81%,2.70%
1281,Hopper,27353,87.28%,6.28%,0.53%,1.16%,1.98%,2.77%
1285,Head,27292,78.41%,16.72%,0.45%,0.84%,1.71%,1.87%
1304,Hatch,26903,86.99%,6.87%,0.62%,1.33%,1.80%,2.38%
1314,Hamm,26726,86.29%,8.89%,0.57%,0.53%,1.64%,2.08%
1322,Harden,26617,58.38%,35.87%,0.38%,0.76%,2.61%,2.00%
1328,Herron,26559,71.62%,22.26%,0.56%,0.57%,2.29%,2.70%
1334,Herbert,26417,71.61%,20.45%,0.78%,0.94%,2.03%,4.20%
1344,Hutchins,26251,78.02%,16.62%,0.54%,0.59%,2.06%,2.17%
1352,Hinojosa,26146,5.57%,0.12%,0.19%,0.22%,0.13%,93.77%
1399,Heller,25373,94.13%,1.71%,0.58%,0.19%,1.19%,2.20%
1414,Helton,25118,91.58%,3.57%,0.39%,0.78%,1.76%,1.92%
1436,Hutchison,24820,90.53%,4.55%,0.47%,0.65%,1.82%,1.98%
1449,Hoskins,24581,72.60%,22.34%,0.47%,0.54%,2.01%,2.05%
1493,Helms,23949,91.30%,4.43%,0.33%,0.63%,1.70%,1.61%
1500,Horner,23881,91.67%,2.95%,0.54%,0.71%,1.76%,2.37%
1502,Holbrook,23843,91.52%,4.12%,0.40%,0.51%,1.47%,1.98%
1504,Hollingsworth,23831,80.63%,14.44%,0.48%,0.40%,1.82%,2.22%
1518,Hagen,23616,93.91%,1.00%,0.68%,0.43%,1.67%,2.32%
1534,Heard,23408,39.13%,54.52%,0.40%,0.40%,3.13%,2.43%
1556,Hidalgo,23134,9.52%,0.29%,3.79%,0.13%,0.48%,85.79%
1565,Hinkle,22983,90.05%,5.52%,0.59%,0.54%,1.45%,1.85%
1602,Huggins,22371,66.29%,27.01%,0.54%,1.14%,2.27%,2.76%
1639,Hand,22006,88.84%,5.94%,0.73%,0.70%,1.73%,2.05%
1652,Hassan,21801,33.76%,38.95%,19.20%,0.24%,4.72%,3.14%
1653,Hadley,21771,77.42%,15.64%,1.12%,1.67%,1.86%,2.29%
1654,Healy,21751,94.32%,0.67%,0.80%,0.74%,1.32%,2.17%
1661,Hammer,21709,92.82%,0.95%,0.53%,1.45%,1.78%,2.47%
1675,Hankins,21532,74.87%,19.20%,0.59%,0.54%,2.27%,2.52%
1701,Hoyt,21169,92.22%,2.12%,0.67%,0.75%,1.63%,2.63%
1707,Hager,21106,94.35%,1.36%,0.50%,0.45%,1.44%,1.89%
1708,Hurt,21037,70.80%,23.62%,0.39%,0.76%,2.33%,2.10%
1710,Hagan,21017,85.81%,8.80%,1.02%,0.47%,1.57%,2.34%
1717,Henley,20934,70.00%,24.20%,0.38%,0.55%,1.91%,2.96%
1743,Hurd,20540,74.55%,19.24%,0.66%,0.74%,2.42%,2.40%
1748,Holliday,20491,68.89%,25.88%,0.39%,0.88%,2.11%,1.84%
1749,Houser,20484,87.06%,8.27%,0.51%,0.48%,1.45%,2.23%
1756,Hilliard,20377,64.88%,30.20%,0.52%,0.44%,2.26%,1.70%
1764,Hargrove,20360,49.40%,44.79%,0.35%,0.56%,2.36%,2.55%
1772,Hackett,20278,77.26%,17.13%,0.63%,0.53%,2.06%,2.39%
1779,Hannah,20138,68.46%,26.02%,0.69%,0.59%,2.26%,1.98%
1787,Hightower,20065,50.22%,43.18%,0.43%,0.65%,3.00%,2.52%
1797,Hu,19999,2.22%,0.37%,94.93%,0.04%,1.63%,0.81%
1807,Hinson,19857,82.79%,12.97%,0.44%,0.48%,1.48%,1.84%
1863,Hyatt,19280,87.99%,6.77%,0.53%,0.84%,1.90%,1.98%
1864,Hanley,19240,87.99%,5.78%,0.61%,1.00%,1.59%,3.02%
1871,Herndon,19183,78.48%,15.88%,0.50%,0.78%,2.13%,2.23%
1918,Hedrick,18804,92.71%,2.81%,0.41%,0.78%,1.33%,1.96%
1955,Hutton,18479,84.23%,10.55%,0.65%,0.42%,2.06%,2.11%
1966,Hathaway,18401,90.30%,4.76%,0.60%,0.46%,1.67%,2.22%
1970,Haywood,18360,44.50%,49.08%,0.38%,0.45%,3.03%,2.55%
1981,Humphries,18201,79.89%,15.12%,0.43%,0.43%,1.90%,2.24%
1987,Ha,18156,3.67%,0.69%,92.93%,0.04%,2.03%,0.63%
1993,Hawley,18100,89.27%,4.38%,0.71%,1.47%,1.77%,2.40%
2005,Hay,18029,85.74%,7.14%,2.83%,0.37%,1.63%,2.30%
2017,Hwang,17900,1.44%,(S),96.04%,(S),1.85%,0.47%
2052,Hope,17562,69.97%,23.73%,0.73%,0.72%,2.19%,2.66%
2061,Heredia,17506,4.76%,0.35%,0.61%,0.27%,0.18%,93.82%
2066,Hanks,17498,83.14%,10.46%,0.39%,1.49%,1.91%,2.61%
2102,Huddleston,17231,83.91%,9.55%,0.48%,1.06%,2.36%,2.65%
2103,Hoff,17223,93.28%,1.99%,0.72%,0.46%,1.80%,1.75%
2120,Hirsch,17072,94.83%,0.93%,0.60%,0.21%,0.91%,2.52%
2125,Hooks,17053,48.78%,45.31%,0.37%,0.33%,2.86%,2.34%
2128,Hobson,17043,68.52%,25.51%,0.55%,0.99%,2.18%,2.25%
2133,Ham,16980,66.22%,11.61%,16.41%,0.40%,1.66%,3.69%
2136,Hoffmann,16966,95.07%,0.25%,0.66%,0.12%,1.17%,2.73%
2146,Hussain,16909,10.94%,5.24%,76.92%,0.44%,4.62%,1.84%
2147,Hsu,16907,2.09%,(S),93.78%,(S),3.56%,0.46%
2149,Hawk,16884,85.68%,6.91%,0.53%,2.96%,2.25%,1.67%
2150,Hamlin,16871,79.22%,15.29%,0.49%,0.81%,1.92%,2.28%
2154,Haskins,16842,68.42%,25.70%,0.50%,0.74%,2.21%,2.42%
2167,Hawthorne,16758,57.16%,36.84%,0.27%,0.64%,2.50%,2.58%
2185,Hooker,16646,70.27%,23.64%,0.43%,0.43%,2.02%,3.21%
2192,Honeycutt,16587,90.91%,4.41%,0.39%,0.92%,1.64%,1.73%
2199,Henning,16557,92.06%,3.89%,0.54%,0.45%,1.15%,1.90%
2213,Hogue,16457,78.14%,11.27%,4.68%,1.49%,1.97%,2.45%
2218,Huston,16435,86.98%,7.56%,0.52%,0.63%,1.76%,2.56%
2236,Hare,16304,83.78%,10.27%,0.79%,1.26%,1.77%,2.13%
2260,Hairston,16090,12.18%,80.85%,0.36%,0.17%,4.38%,2.06%
2260,Holguín,16090,6.29%,0.23%,0.18%,0.60%,0.24%,92.46%
2279,Hauser,15981,92.35%,3.15%,0.53%,0.29%,1.30%,2.38%
2304,Hutson,15835,84.55%,10.36%,0.58%,0.68%,1.68%,2.14%
2321,Hillman,15738,80.87%,13.93%,0.66%,0.53%,2.03%,1.98%
2327,Hayward,15665,70.99%,22.59%,0.63%,1.14%,2.53%,2.12%
2329,Henríquez,15657,3.53%,2.11%,0.25%,0.11%,0.20%,93.79%
2345,Hough,15549,83.64%,10.79%,0.71%,0.75%,1.87%,2.24%
2373,He,15363,2.29%,(S),95.92%,(S),0.49%,0.97%
2375,Hinds,15337,62.39%,29.70%,0.71%,0.74%,2.45%,4.02%
2379,Horváth,15302,95.14%,0.39%,0.64%,0.09%,1.19%,2.55%
2385,Hearn,15234,75.88%,18.80%,0.65%,0.35%,1.90%,2.42%
2404,Her,15089,1.55%,0.23%,94.82%,0.04%,0.99%,2.37%
2453,Hummel,14715,96.30%,0.27%,0.65%,0.16%,1.05%,1.58%
2458,Harman,14658,94.03%,1.39%,0.76%,0.38%,1.60%,1.84%
2482,Handy,14537,55.47%,36.38%,0.74%,0.54%,2.76%,4.12%
2490,Hostetler,14505,97.46%,0.19%,0.30%,0.10%,0.97%,0.99%
2491,Herrington,14498,85.03%,10.19%,0.54%,0.45%,1.81%,1.98%
2492,Higginbotham,14489,88.91%,6.34%,0.43%,0.33%,1.79%,2.19%
2513,Heim,14414,91.66%,3.26%,0.62%,0.33%,1.63%,2.50%
2518,Harms,14377,91.56%,3.73%,0.65%,0.34%,1.54%,2.18%
2523,Hershberger,14357,98.08%,0.12%,0.22%,0.07%,0.70%,0.81%
2580,Heck,13995,93.05%,1.97%,0.61%,0.74%,1.40%,2.24%
2585,High,13961,70.32%,23.84%,0.71%,0.60%,2.18%,2.35%
2593,Humphreys,13895,90.53%,3.81%,0.48%,0.69%,1.60%,2.88%
2606,Heaton,13834,94.09%,0.80%,0.51%,0.61%,1.58%,2.41%
2608,Hills,13829,63.95%,30.34%,0.77%,0.58%,2.13%,2.23%
2609,Hamby,13823,92.01%,2.84%,0.36%,0.85%,1.82%,2.13%
2638,Harp,13646,82.99%,10.41%,0.49%,1.03%,2.45%,2.62%
2642,Hacker,13625,93.87%,1.56%,0.47%,0.70%,1.56%,1.83%
2646,Hitchcock,13608,90.49%,4.33%,0.58%,0.74%,1.75%,2.11%
2672,Hemphill,13495,60.63%,34.32%,0.48%,0.48%,1.98%,2.11%
2680,Hook,13437,90.12%,4.04%,1.02%,0.74%,1.69%,2.39%
2701,Holm,13341,94.26%,0.72%,0.81%,0.55%,1.54%,2.12%
2723,Herrmann,13226,95.08%,0.33%,0.67%,0.60%,1.29%,2.03%
2839,Hammonds,12710,57.29%,29.67%,0.30%,7.99%,2.75%,2.01%
2854,Houck,12634,94.98%,0.93%,0.58%,0.51%,1.58%,1.42%
2858,Huntley,12614,68.37%,26.69%,0.58%,0.38%,2.19%,1.79%
2865,Hein,12586,94.18%,0.22%,1.54%,0.34%,1.36%,2.35%
2940,Herrick,12202,94.60%,0.47%,0.69%,0.55%,1.49%,2.20%
2943,Harley,12186,52.61%,38.84%,0.45%,2.41%,3.19%,2.49%
2946,Hopson,12180,51.75%,41.57%,0.30%,1.67%,2.85%,1.86%
2950,Hamrick,12168,93.07%,3.55%,0.29%,0.47%,1.12%,1.50%
2966,Hatton,12090,81.22%,12.97%,0.43%,1.15%,2.04%,2.18%
2990,Herr,11980,90.08%,0.65%,5.54%,0.20%,1.30%,2.22%
3016,Hannon,11893,85.45%,9.25%,0.50%,0.52%,1.94%,2.34%
3034,Hite,11810,85.80%,9.39%,0.62%,0.44%,1.63%,2.12%
3040,Halverson,11781,94.73%,0.28%,0.75%,0.57%,1.58%,2.10%
3048,Hudgins,11755,78.24%,16.36%,0.37%,0.66%,2.28%,2.09%
3058,Holton,11731,78.85%,15.94%,0.61%,0.32%,1.74%,2.54%
3060,Harlow,11726,94.07%,1.30%,0.66%,0.51%,1.58%,1.88%
3066,Havens,11699,93.28%,1.06%,0.53%,0.53%,1.79%,2.81%
3072,Hildebrand,11687,94.29%,0.66%,0.52%,0.68%,1.29%,2.56%
3080,Harkins,11662,90.48%,4.16%,0.63%,0.81%,1.95%,1.96%
3087,Helm,11649,86.39%,7.58%,0.86%,0.63%,2.42%,2.12%
3122,Haro,11547,8.62%,0.57%,1.00%,0.22%,0.30%,89.30%
3158,Hyman,11436,61.91%,32.68%,0.53%,0.28%,1.72%,2.88%
3188,Harlan,11339,83.72%,8.54%,0.93%,2.09%,2.05%,2.66%
3194,Haggerty,11320,88.72%,6.35%,0.49%,0.36%,1.73%,2.34%
3206,Hammons,11273,84.56%,9.10%,0.33%,1.75%,2.15%,2.12%
3212,Harwood,11238,92.03%,1.25%,0.54%,1.71%,1.46%,3.02%
3228,Houghton,11184,92.52%,2.07%,0.50%,0.76%,1.69%,2.46%
3239,Herzog,11146,95.75%,0.37%,0.49%,0.13%,1.09%,2.17%
3286,Hartmann,11000,95.03%,0.32%,0.91%,0.22%,1.32%,2.21%
3294,Hamel,10944,93.41%,1.20%,0.63%,0.62%,1.82%,2.32%
3310,Hardwick,10841,75.12%,19.27%,0.48%,0.99%,2.05%,2.09%
3316,Hardesty,10817,92.38%,2.24%,0.67%,0.43%,1.88%,2.41%
3318,Haddad,10804,90.25%,1.02%,0.85%,0.11%,4.04%,3.73%
3345,Horan,10711,92.40%,0.68%,0.54%,0.19%,1.15%,5.04%
3387,Hiller,10546,87.02%,7.98%,0.46%,0.33%,1.56%,2.64%
3439,Hubert,10380,80.39%,14.00%,0.66%,0.36%,1.55%,3.03%
3445,Healey,10370,94.78%,1.02%,0.73%,0.31%,1.34%,1.81%
3458,Higgs,10333,69.21%,25.58%,0.50%,0.33%,2.09%,2.29%
3476,Hanlon,10278,95.45%,0.42%,0.59%,0.41%,1.03%,2.10%
3486,Hiatt,10247,94.15%,0.40%,0.78%,0.42%,1.50%,2.74%
3499,Hollins,10213,19.89%,73.81%,0.29%,0.23%,3.91%,1.87%
3511,Hodgson,10173,87.73%,2.05%,0.60%,0.55%,1.24%,7.82%
3559,Harter,10020,94.30%,0.83%,0.60%,0.58%,1.32%,2.38%
3568,Haller,9992,92.61%,1.22%,1.15%,0.71%,1.53%,2.77%
3576,Haag,9957,94.35%,0.33%,0.97%,0.90%,1.33%,2.12%
3582,Hallman,9938,83.53%,11.47%,0.56%,0.38%,1.89%,2.16%
3590,Hawes,9908,82.24%,13.06%,0.63%,0.49%,1.73%,1.86%
3617,Haskell,9816,90.20%,4.31%,0.64%,0.97%,1.67%,2.21%
3625,Huey,9800,69.84%,14.24%,10.64%,0.41%,2.12%,2.74%
3642,Higdon,9753,90.36%,4.72%,0.45%,0.86%,2.07%,1.54%
3657,Handley,9722,84.03%,10.47%,0.57%,0.73%,1.92%,2.28%
3668,Heckman,9709,95.33%,0.31%,0.47%,1.10%,1.32%,1.46%
3674,Horowitz,9671,96.43%,0.43%,0.62%,0.05%,0.73%,1.73%
3676,Harder,9665,91.52%,2.13%,1.43%,0.56%,1.85%,2.51%
3690,Hedges,9625,92.48%,2.50%,0.56%,0.62%,1.66%,2.17%
3702,Homan,9597,93.78%,0.64%,0.86%,0.47%,1.25%,3.00%
3727,Hackney,9507,81.40%,14.09%,0.42%,0.50%,1.69%,1.88%
3730,Holtz,9502,93.38%,1.93%,0.59%,0.34%,1.16%,2.61%
3745,Haugen,9461,94.27%,0.41%,0.70%,1.15%,1.61%,1.86%
3755,Hardman,9430,81.64%,12.73%,0.59%,0.41%,2.38%,2.25%
3775,Hasan,9374,27.89%,17.70%,47.22%,0.34%,4.52%,2.34%
3790,Hennessy,9338,94.73%,0.59%,0.95%,0.17%,1.42%,2.13%
3796,Hulsey,9317,92.52%,2.02%,0.33%,1.19%,1.91%,2.03%
3802,Harry,9311,59.05%,28.61%,3.13%,3.07%,2.63%,3.51%
3824,Hanes,9268,87.32%,6.73%,0.53%,0.93%,1.82%,2.67%
3830,Headley,9250,78.29%,15.18%,0.61%,0.82%,1.94%,3.17%
3831,Horst,9245,96.30%,0.69%,0.45%,0.30%,1.09%,1.16%
3841,Hoppe,9215,94.72%,0.24%,0.62%,0.35%,1.41%,2.67%
3855,Hoy,9196,85.30%,4.86%,4.67%,0.32%,1.61%,3.25%
3857,Hofmann,9192,95.21%,0.36%,0.54%,0.05%,1.27%,2.56%
3857,Hoyle,9192,80.71%,13.97%,0.50%,0.59%,1.66%,2.57%
3867,Hussey,9176,85.18%,8.12%,1.65%,0.26%,2.67%,2.13%
3901,Hoke,9096,89.06%,5.40%,1.10%,0.34%,2.04%,2.06%
3944,Halstead,9027,91.28%,3.19%,0.58%,0.40%,1.91%,2.65%
3977,Hamblin,8936,88.91%,5.90%,0.49%,0.54%,1.68%,2.48%
3979,Holly,8934,66.33%,27.73%,0.54%,0.88%,1.95%,2.57%
3989,Haase,8904,94.70%,0.93%,0.60%,0.39%,1.16%,2.22%
4010,Hermann,8858,93.55%,0.69%,1.20%,0.29%,1.58%,2.69%
4025,Hutchings,8833,86.51%,8.45%,0.58%,0.71%,1.77%,1.99%
4026,Himes,8831,89.57%,5.82%,0.49%,0.61%,1.42%,2.09%
4092,Howland,8675,92.13%,2.79%,0.47%,0.55%,1.60%,2.46%
4105,Hawks,8639,90.09%,4.57%,0.47%,0.90%,1.90%,2.06%
4123,Hernandes,8612,4.33%,0.27%,0.49%,0.08%,0.16%,94.67%
4130,Harbin,8587,79.75%,15.41%,0.47%,0.55%,1.86%,1.97%
4141,Heinrich,8552,94.94%,0.54%,0.54%,0.29%,1.23%,2.47%
4152,Hundley,8532,79.84%,14.90%,0.60%,0.46%,1.83%,2.38%
4168,Hargis,8503,90.26%,3.96%,0.41%,0.81%,2.03%,2.52%
4199,Hylton,8440,64.61%,29.11%,0.49%,0.32%,2.26%,3.21%
4208,Herbst,8419,96.23%,0.18%,0.57%,0.23%,0.88%,1.91%
4217,Hutto,8403,91.92%,3.77%,0.25%,0.61%,1.46%,1.99%
4230,Haggard,8384,88.45%,5.58%,0.69%,1.11%,2.04%,2.12%
4239,Houle,8364,87.29%,0.79%,0.69%,6.76%,2.50%,1.97%
4240,Hales,8363,85.53%,9.59%,0.62%,0.67%,1.39%,2.20%
4245,Hennessey,8357,94.69%,0.77%,0.67%,0.22%,1.28%,2.38%
4256,Hailey,8327,61.68%,32.36%,0.41%,0.62%,2.46%,2.46%
4265,Hauck,8322,94.70%,0.50%,0.82%,0.47%,1.45%,2.05%
4266,Hutcheson,8321,91.79%,3.56%,0.62%,0.62%,1.49%,1.91%
4276,Heinz,8311,94.26%,0.89%,0.55%,0.32%,1.40%,2.57%
4327,Heil,8205,94.50%,1.24%,0.83%,0.35%,1.23%,1.84%
4375,Hardison,8128,69.71%,25.38%,0.42%,0.79%,1.89%,1.81%
4388,Hynes,8104,90.02%,4.99%,0.74%,0.36%,1.36%,2.54%
4390,Holcombe,8103,85.81%,10.54%,0.49%,0.35%,1.26%,1.55%
4391,Hefner,8100,94.84%,0.72%,0.48%,0.75%,1.46%,1.75%
4428,Harrelson,8023,92.36%,3.34%,0.39%,0.74%,1.05%,2.13%
4441,Hendrick,7988,86.00%,8.80%,0.60%,0.59%,1.80%,2.20%
4463,Hutchens,7954,92.73%,2.59%,0.38%,0.82%,1.50%,1.99%
4472,Haddock,7940,83.56%,6.50%,0.62%,0.79%,2.14%,6.39%
4496,Hibbard,7885,94.89%,0.33%,0.55%,0.53%,1.69%,2.02%
4504,Heilman,7876,95.48%,0.46%,0.48%,0.24%,1.33%,2.01%
4512,Hyland,7862,90.84%,3.19%,0.71%,0.33%,1.55%,3.37%
4539,Hair,7814,79.14%,12.98%,0.68%,2.56%,2.28%,2.37%
4567,Hitt,7762,93.07%,1.66%,0.81%,0.50%,1.51%,2.45%
4576,Herrin,7755,89.88%,5.96%,0.62%,0.74%,1.24%,1.57%
4600,Hazel,7711,69.19%,24.39%,0.84%,0.52%,2.30%,2.76%
4617,Hofer,7682,95.68%,0.21%,0.57%,0.43%,0.92%,2.19%
4654,Halsey,7619,84.00%,11.34%,0.58%,0.72%,1.51%,1.85%
4660,Heflin,7609,86.41%,8.71%,0.58%,0.88%,1.75%,1.67%
4673,Hammett,7590,83.10%,11.20%,0.76%,0.51%,1.82%,2.61%
4690,Henke,7566,96.26%,0.30%,0.52%,0.26%,0.90%,1.76%
4708,Holloman,7536,44.80%,49.93%,0.31%,0.53%,2.67%,1.76%
4710,Hazen,7532,93.68%,0.56%,0.86%,0.80%,1.86%,2.24%
4744,Hecht,7466,95.79%,0.24%,0.59%,0.16%,0.96%,2.25%
4776,Hintz,7406,95.21%,0.47%,0.61%,0.50%,1.27%,1.94%
4820,Horning,7322,96.53%,0.40%,0.41%,0.30%,1.00%,1.37%
4831,Huntington,7306,88.17%,4.24%,0.78%,2.42%,2.01%,2.37%
4849,Hildreth,7269,84.32%,9.96%,0.45%,1.27%,2.12%,1.88%
4850,Hornsby,7267,80.73%,14.59%,0.44%,0.47%,1.86%,1.91%
4871,Harwell,7234,83.11%,11.60%,0.47%,0.54%,1.92%,2.36%
4877,Hammock,7222,81.79%,12.66%,0.40%,0.80%,2.09%,2.26%
4896,Held,7195,95.55%,0.46%,0.67%,0.24%,1.11%,1.97%
4903,Hussein,7182,39.61%,45.57%,7.49%,0.07%,5.40%,1.85%
4932,Hung,7137,4.19%,0.50%,87.73%,0.13%,2.72%,4.74%
4945,Hogg,7119,81.91%,13.95%,0.72%,0.35%,1.39%,1.69%
4960,Hague,7093,64.67%,2.66%,27.29%,0.45%,2.23%,2.69%
4962,Hannan,7086,86.99%,2.72%,5.39%,0.64%,1.99%,2.27%
4966,Huskey,7080,85.73%,8.29%,0.71%,1.62%,1.81%,1.84%
4989,Hargrave,7037,76.60%,18.27%,0.45%,0.64%,1.61%,2.43%
5000,Hartwell,7032,76.54%,17.55%,0.57%,0.85%,2.08%,2.42%
5029,Heffner,6980,92.99%,3.12%,0.34%,0.37%,1.30%,1.86%
5043,Heffernan,6961,94.34%,0.17%,0.96%,0.11%,1.48%,2.93%
5052,Hua,6939,1.48%,(S),96.34%,(S),1.44%,0.55%
5062,Haight,6929,92.64%,1.57%,0.98%,0.38%,1.83%,2.60%
5089,Heims,6881,92.53%,3.94%,0.36%,0.36%,1.25%,1.56%
5089,Holiday,6881,36.13%,49.47%,0.49%,8.98%,2.91%,2.02%
5101,Hang,6863,9.19%,1.03%,86.64%,0.07%,1.94%,1.12%
5101,Hass,6863,93.47%,1.01%,0.83%,0.64%,1.78%,2.27%
5124,Hughey,6830,74.06%,20.66%,0.44%,0.66%,2.37%,1.82%
5125,Howes,6828,93.34%,1.13%,0.62%,0.89%,1.44%,2.59%
5150,Hutcherson,6795,59.34%,35.73%,0.24%,0.28%,2.50%,1.91%
5156,Hetrick,6784,95.50%,0.24%,0.55%,0.43%,1.36%,1.93%
5158,Hamer,6783,75.59%,20.12%,0.53%,0.32%,1.49%,1.95%
5164,Hulse,6776,90.05%,2.04%,0.86%,0.65%,2.10%,4.31%
5173,Hoag,6752,93.94%,0.55%,1.27%,0.43%,1.51%,2.30%
5179,Harless,6746,94.57%,0.83%,0.44%,0.98%,1.60%,1.57%
5179,Holbert,6746,79.37%,14.96%,0.52%,0.39%,2.34%,2.43%
5232,Hembree,6665,94.03%,0.75%,0.53%,1.02%,2.12%,1.56%
5236,Haile,6663,41.98%,52.21%,1.10%,0.63%,2.18%,1.91%
5244,Hasty,6654,84.79%,10.75%,0.47%,0.44%,1.49%,2.07%
5250,Harrigan,6646,77.73%,15.00%,0.77%,0.23%,1.75%,4.53%
5259,Huebner,6635,95.19%,0.20%,0.50%,0.47%,1.18%,2.47%
5277,Heiser,6606,95.46%,0.20%,0.70%,0.26%,1.23%,2.16%
5281,Hadden,6593,84.92%,10.56%,0.73%,0.53%,1.73%,1.53%
5301,Hume,6573,90.99%,2.98%,0.87%,0.64%,1.99%,2.53%
5304,Hazelwood,6567,81.97%,12.78%,0.41%,0.64%,2.19%,2.01%
5306,Horsley,6565,79.91%,15.05%,0.72%,0.35%,1.84%,2.13%
5342,Howerton,6516,88.84%,5.40%,0.52%,0.89%,1.98%,2.36%
5347,Hermosillo,6508,5.53%,0.22%,0.20%,0.20%,0.26%,93.59%
5361,Hartzell,6494,96.21%,0.45%,0.43%,0.25%,1.20%,1.46%
5379,Hack,6468,85.78%,7.27%,2.50%,0.29%,1.44%,2.72%
5379,Hatley,6468,84.49%,10.19%,0.48%,0.83%,1.48%,2.52%
5421,Hann,6420,87.60%,4.88%,3.10%,0.31%,1.76%,2.35%
5433,Hixson,6408,90.03%,5.17%,0.39%,0.78%,1.36%,2.28%
5438,Haynie,6400,80.41%,14.81%,0.27%,0.75%,1.84%,1.92%
5450,Hartnett,6387,94.07%,1.17%,0.64%,0.14%,1.13%,2.85%
5453,Hsieh,6382,1.94%,(S),93.73%,(S),3.51%,0.67%
5460,Hochstetler,6372,98.23%,(S),0.25%,(S),0.61%,0.74%
5481,Huss,6346,95.48%,0.66%,0.72%,0.43%,0.79%,1.92%
5489,Hewett,6336,87.23%,7.75%,0.68%,0.63%,2.05%,1.66%
5492,Hoagland,6335,92.42%,2.78%,0.54%,0.68%,1.53%,2.05%
5520,Halvorson,6298,95.27%,0.29%,0.70%,0.64%,1.41%,1.70%
5522,Hodson,6296,91.99%,2.05%,0.64%,0.65%,2.46%,2.21%
5531,Hardee,6283,88.17%,7.62%,0.51%,0.51%,1.35%,1.83%
5538,Hassell,6273,71.88%,22.08%,0.53%,0.37%,2.44%,2.71%
5585,Hillard,6223,68.76%,26.79%,0.27%,0.22%,1.96%,1.99%
5598,Harbison,6215,88.56%,7.35%,0.60%,0.42%,1.19%,1.88%
5610,Homer,6198,80.75%,9.28%,0.76%,4.44%,2.31%,2.47%
5623,Hershey,6182,95.13%,1.13%,0.63%,0.47%,1.15%,1.49%
5651,Harold,6141,67.76%,25.00%,1.24%,0.99%,2.21%,2.80%
5686,Hoch,6095,95.11%,0.34%,0.53%,0.31%,1.07%,2.64%
5689,Humes,6093,69.98%,24.57%,0.57%,0.36%,2.23%,2.28%
5697,Hesse,6084,94.18%,1.15%,0.72%,0.54%,0.89%,2.51%
5705,Hamann,6078,92.84%,0.36%,1.41%,0.58%,1.37%,3.44%
5707,Hilbert,6077,89.83%,5.63%,0.51%,0.33%,1.28%,2.42%
5727,Hindman,6056,93.16%,1.24%,0.59%,0.91%,1.68%,2.41%
5736,Hollenbeck,6043,94.26%,0.36%,0.53%,0.74%,1.65%,2.45%
5754,Harr,6021,92.54%,2.64%,0.76%,0.68%,1.44%,1.93%
5788,Hossain,5978,2.01%,0.69%,93.23%,0.65%,2.39%,1.04%
5790,Hubbell,5977,92.97%,0.35%,0.92%,1.42%,1.54%,2.79%
5794,Hemingway,5970,57.32%,37.47%,0.54%,0.55%,2.03%,2.09%
5796,Hoffer,5969,94.10%,0.64%,0.65%,0.55%,1.64%,2.41%
5805,Hendershot,5963,95.09%,0.32%,0.49%,0.49%,1.43%,2.20%
5845,Hartwig,5913,95.84%,0.29%,0.56%,0.42%,0.98%,1.91%
5849,Hatten,5907,60.03%,33.71%,0.52%,1.02%,2.64%,2.08%
5872,Hargett,5876,78.62%,16.37%,0.54%,0.53%,1.92%,2.01%
5884,Hillis,5866,90.86%,3.87%,0.41%,1.41%,1.41%,2.03%
5886,Halpin,5865,95.82%,0.38%,0.61%,0.20%,1.11%,1.88%
5942,Haire,5794,84.36%,10.63%,0.59%,0.85%,1.48%,2.09%
5953,Harkness,5783,83.37%,11.36%,0.57%,0.48%,1.85%,2.37%
5954,Hamill,5781,92.42%,1.37%,1.31%,0.64%,1.94%,2.32%
5958,Hagler,5775,76.78%,18.29%,0.48%,0.52%,2.42%,1.51%
5961,Huizar,5774,4.73%,0.12%,0.09%,0.09%,0.19%,94.79%
5966,Hui,5769,2.89%,(S),93.50%,(S),2.05%,1.30%
5983,Hagerty,5750,94.05%,0.90%,0.77%,0.57%,1.32%,2.38%
5992,Hollister,5736,90.17%,4.17%,1.20%,0.37%,1.95%,2.14%
6000,Hallett,5731,90.73%,4.22%,0.65%,0.66%,1.47%,2.27%
6005,Hatchett,5726,41.90%,51.69%,0.38%,0.33%,3.06%,2.64%
6028,Herold,5705,92.85%,2.05%,0.68%,0.25%,1.40%,2.77%
6049,Helmer,5674,94.41%,0.67%,0.58%,0.65%,1.52%,2.17%
6067,Heintz,5655,95.51%,0.39%,0.64%,0.19%,1.33%,1.95%
6077,Hollander,5640,96.10%,0.27%,0.62%,0.20%,0.83%,1.99%
6079,Hotchkiss,5639,92.76%,1.81%,0.98%,0.48%,1.40%,2.57%
6087,Hollinger,5634,82.45%,12.55%,0.69%,0.51%,1.69%,2.11%
6094,Hight,5629,86.62%,6.95%,0.36%,1.19%,2.15%,2.74%
6105,Honaker,5617,92.61%,2.78%,0.50%,0.37%,1.99%,1.74%
6111,Hickson,5610,47.81%,46.36%,0.34%,0.80%,2.21%,2.48%
6124,Hudak,5593,96.55%,0.38%,0.41%,0.45%,0.93%,1.29%
6127,Hendry,5591,89.00%,5.94%,0.57%,0.48%,1.32%,2.68%
6134,Hibbs,5585,93.23%,1.11%,0.50%,0.91%,1.47%,2.78%
6136,Helmick,5583,93.80%,0.77%,0.54%,0.68%,1.86%,2.35%
6141,Hanrahan,5578,95.03%,0.36%,0.77%,0.11%,1.11%,2.62%
6157,Houk,5560,94.32%,0.31%,1.13%,0.63%,1.62%,2.00%
6162,Hawkes,5555,84.36%,10.60%,0.54%,0.32%,1.78%,2.39%
6176,Heisler,5539,95.59%,0.32%,0.42%,1.07%,1.30%,1.30%
6216,Hambrick,5501,64.30%,30.32%,0.47%,0.38%,2.67%,1.85%
6226,Hageman,5494,95.87%,0.84%,0.31%,0.16%,0.78%,2.04%
6230,Harker,5485,91.38%,2.48%,0.42%,1.66%,1.28%,2.79%
6248,Halloran,5465,95.26%,0.38%,0.84%,0.24%,1.23%,2.05%
6256,Headrick,5459,94.91%,0.53%,0.49%,0.57%,1.81%,1.69%
6273,Hildebrandt,5448,94.66%,0.95%,0.53%,0.11%,1.36%,2.39%
6286,Hamlett,5435,61.05%,33.51%,0.28%,0.44%,2.23%,2.50%
6291,Hensel,5429,95.76%,0.53%,0.50%,0.29%,1.36%,1.55%
6297,Hagerman,5426,93.53%,2.38%,0.41%,0.28%,1.42%,1.99%
6325,Hash,5397,90.72%,5.47%,0.50%,0.52%,1.07%,1.72%
6341,Harney,5376,82.44%,10.21%,0.80%,2.14%,1.80%,2.60%
6346,Harness,5371,84.70%,9.72%,0.48%,0.84%,1.73%,2.53%
6355,Howlett,5364,83.24%,11.19%,0.75%,0.73%,2.27%,1.83%
6389,Haupt,5327,95.72%,0.92%,0.54%,0.34%,0.96%,1.52%
6413,Hinman,5303,93.19%,0.91%,0.64%,1.41%,1.89%,1.96%
6452,Haun,5261,93.65%,0.78%,1.67%,0.40%,1.22%,2.28%
6454,Hecker,5260,93.80%,1.10%,0.49%,0.17%,1.14%,3.29%
6458,Haber,5258,91.18%,0.55%,1.39%,0.21%,1.52%,5.15%
6476,Hix,5244,91.34%,2.38%,0.57%,1.30%,1.70%,2.71%
6509,Hulbert,5214,86.33%,8.06%,0.65%,0.46%,1.80%,2.70%
6532,Hafner,5187,95.57%,0.46%,0.37%,0.48%,1.39%,1.74%
6562,Hardaway,5163,30.54%,63.74%,0.50%,0.45%,3.00%,1.76%
6578,Hartung,5148,96.54%,0.27%,0.43%,0.45%,0.97%,1.34%
6583,Hammel,5146,95.04%,0.89%,0.70%,0.25%,1.17%,1.94%
6595,Henkel,5135,95.29%,0.47%,0.51%,0.35%,1.25%,2.14%
6611,Hazlett,5122,93.48%,1.15%,0.43%,0.59%,2.05%,2.30%
6623,Hunsaker,5114,94.80%,0.23%,0.47%,0.57%,1.39%,2.54%
6649,Hixon,5091,83.28%,11.88%,0.55%,0.39%,2.22%,1.67%
6657,Hammack,5080,93.84%,1.12%,0.43%,0.73%,1.46%,2.42%
6681,Heine,5054,93.89%,0.63%,2.10%,0.51%,1.31%,1.56%
6684,Hollowell,5053,76.07%,18.42%,0.79%,0.57%,2.16%,1.98%
6694,Harriman,5045,94.11%,0.71%,0.91%,0.57%,1.57%,2.12%
6700,Hickerson,5041,76.08%,17.85%,0.58%,0.69%,2.38%,2.42%
6714,Haworth,5030,92.70%,0.36%,0.82%,1.21%,1.59%,3.32%
6757,Haug,4989,94.53%,0.14%,1.12%,0.56%,1.60%,2.04%
6787,Hyder,4971,74.31%,8.87%,11.33%,0.48%,2.15%,2.86%
6799,Hostetter,4960,96.33%,0.34%,0.67%,0.12%,1.35%,1.19%
6821,Hayman,4945,79.33%,14.94%,1.07%,0.36%,1.68%,2.61%
6836,Habib,4932,58.56%,6.08%,27.21%,0.12%,4.91%,3.12%
6837,Hallock,4930,95.03%,0.57%,0.73%,0.34%,1.22%,2.11%
6840,Hovey,4927,92.86%,0.73%,0.69%,0.43%,1.30%,4.00%
6855,Harrod,4909,79.91%,15.79%,0.31%,0.53%,1.20%,2.26%
6873,Harbaugh,4895,96.71%,0.27%,0.20%,0.22%,1.29%,1.31%
6884,Harrold,4884,81.63%,12.57%,0.88%,0.74%,2.05%,2.13%
6888,Halbert,4878,84.44%,10.00%,0.74%,0.70%,2.03%,2.09%
6900,Hupp,4871,95.32%,0.80%,0.35%,0.37%,1.05%,2.11%
6904,Heyward,4867,13.33%,82.00%,0.16%,0.21%,2.38%,1.91%
6906,Hom,4863,10.03%,0.33%,80.75%,0.10%,6.15%,2.63%
6924,Holladay,4845,93.62%,1.61%,0.31%,0.39%,1.55%,2.52%
6933,Holler,4836,93.32%,0.50%,0.85%,0.27%,1.49%,3.58%
6937,Holmberg,4832,92.82%,0.19%,0.97%,1.76%,1.76%,2.50%
6952,Hinrichs,4825,96.06%,0.21%,0.66%,0.25%,1.41%,1.41%
6977,Hileman,4806,95.67%,0.23%,0.50%,0.40%,1.19%,2.02%
6982,Herd,4803,73.47%,19.15%,0.90%,0.77%,2.62%,3.08%
7021,Henshaw,4765,90.54%,3.13%,0.86%,0.92%,2.43%,2.12%
7048,Hooten,4751,81.54%,13.39%,0.48%,0.88%,2.06%,1.64%
7061,Hock,4739,95.00%,0.95%,0.65%,0.32%,1.10%,1.98%
7091,Huckaby,4723,80.12%,13.93%,0.42%,0.91%,2.69%,1.93%
7120,Haught,4699,95.11%,0.32%,0.51%,0.53%,1.51%,2.02%
7129,Holst,4691,92.07%,1.96%,0.58%,0.47%,1.81%,3.11%
7130,Hunnicutt,4690,86.59%,6.18%,0.51%,1.90%,2.07%,2.75%
7153,Howie,4676,79.02%,15.03%,0.58%,0.90%,1.67%,2.80%
7177,Hipp,4660,90.56%,3.50%,0.60%,1.37%,1.78%,2.19%
7181,Hazelton,4656,86.51%,7.28%,0.52%,0.54%,1.93%,3.22%
7184,Hulett,4652,86.97%,7.85%,0.43%,0.73%,1.72%,2.30%
7187,Hudspeth,4651,80.43%,14.30%,0.26%,0.67%,2.32%,2.02%
7237,Hudgens,4609,82.77%,11.59%,0.78%,0.67%,2.02%,2.17%
7264,Humble,4588,89.71%,5.47%,0.54%,0.81%,1.22%,2.24%
7265,Holliman,4586,55.87%,38.66%,0.26%,0.50%,2.66%,2.05%
7284,Hinz,4574,95.85%,0.20%,0.77%,0.26%,1.11%,1.81%
7298,Halliday,4568,89.89%,4.73%,0.61%,0.48%,1.82%,2.47%
7303,Hackworth,4566,85.09%,9.88%,0.68%,0.77%,1.53%,2.06%
7305,Hardeman,4565,43.18%,51.57%,0.22%,0.28%,2.87%,1.88%
7323,Hunley,4556,79.17%,15.87%,0.48%,0.53%,2.22%,1.73%
7324,Hamman,4555,93.28%,0.86%,0.99%,0.46%,1.65%,2.77%
7325,Hannigan,4554,94.01%,0.92%,0.79%,0.72%,1.43%,2.13%
7347,Haygood,4536,59.15%,35.47%,0.46%,0.55%,2.47%,1.90%
7361,Hollifield,4525,93.46%,3.12%,0.29%,0.60%,1.22%,1.33%
7395,Hou,4500,2.96%,0.58%,94.60%,(S),1.40%,(S)
7397,Hassler,4499,94.80%,0.67%,0.53%,0.31%,1.33%,2.36%
7463,Herren,4466,90.17%,2.35%,1.14%,0.87%,1.28%,4.19%
7463,Hinshaw,4466,92.05%,0.76%,1.52%,1.32%,1.99%,2.35%
7466,Hance,4464,88.78%,3.05%,0.69%,0.78%,1.72%,4.97%
7494,Hepler,4445,96.22%,0.47%,0.58%,0.27%,0.85%,1.60%
7516,Hans,4427,81.82%,3.23%,10.23%,0.23%,1.49%,3.00%
7517,Hallmark,4426,94.04%,0.32%,0.41%,1.54%,1.58%,2.12%
7520,Hammon,4424,86.73%,8.16%,0.45%,0.66%,1.76%,2.24%
7525,Huck,4421,94.55%,0.86%,0.45%,0.48%,1.15%,2.51%
7545,Hermes,4407,94.92%,0.41%,0.50%,0.14%,0.95%,3.09%
7562,Hertel,4395,94.86%,0.41%,0.80%,0.68%,1.41%,1.84%
7568,Hilburn,4390,84.12%,5.19%,0.36%,1.94%,1.91%,6.47%
7572,Hector,4387,39.23%,47.39%,0.64%,0.27%,2.62%,9.85%
7629,Heuer,4350,96.11%,0.34%,0.74%,0.18%,1.38%,1.24%
7633,Halter,4349,95.36%,0.80%,0.80%,0.18%,1.08%,1.77%
7660,Hartford,4336,86.07%,8.49%,0.71%,0.35%,2.17%,2.21%
7684,Humbert,4321,83.31%,11.55%,0.58%,0.30%,1.34%,2.92%
7721,Highsmith,4299,54.55%,39.22%,0.67%,0.42%,3.07%,2.07%
7723,Higley,4298,95.00%,0.65%,0.51%,0.28%,1.26%,2.30%
7725,Hardiman,4296,54.35%,38.76%,0.77%,0.33%,4.07%,1.72%
7739,Herald,4289,90.58%,3.99%,0.44%,1.03%,1.35%,2.61%
7750,Harvell,4284,69.58%,25.40%,0.33%,1.31%,1.38%,2.01%
7753,Heise,4282,95.96%,0.68%,0.51%,0.14%,1.03%,1.68%
7761,Harner,4277,94.20%,1.36%,0.63%,0.47%,1.22%,2.13%
7771,Hinkley,4271,94.45%,0.56%,0.75%,0.35%,1.55%,2.34%
7774,Howarth,4269,94.07%,0.68%,0.56%,1.15%,1.50%,2.04%
7776,Husted,4268,94.21%,0.35%,0.68%,0.52%,1.27%,2.98%
7784,Henninger,4262,95.14%,0.26%,0.59%,0.12%,1.41%,2.49%
7788,Hertz,4257,93.89%,1.50%,0.42%,0.45%,1.29%,2.44%
7801,Hackman,4242,90.92%,5.26%,0.80%,0.24%,1.23%,1.56%
7812,Higuera,4238,9.63%,0.12%,0.26%,1.53%,0.78%,87.68%
7816,Huertas,4235,6.30%,0.59%,2.29%,(S),(S),90.51%
7827,Holston,4231,52.28%,41.72%,0.47%,0.47%,2.84%,2.22%
7835,Hinckley,4227,93.90%,0.64%,0.76%,0.26%,1.75%,2.70%
7838,Hopp,4225,95.20%,0.99%,0.71%,0.33%,0.99%,1.78%
7875,Horgan,4202,89.96%,5.66%,0.52%,0.12%,1.67%,2.07%
7888,Heaney,4197,95.26%,0.45%,0.52%,0.14%,1.29%,2.34%
7898,Hartsfield,4192,60.38%,35.21%,0.50%,0.48%,1.98%,1.46%
7905,Huntsman,4187,91.00%,3.68%,0.62%,0.88%,1.62%,2.20%
7958,Harville,4157,81.93%,12.99%,0.63%,0.58%,2.04%,1.83%
7961,Halterman,4156,94.30%,0.34%,0.65%,0.48%,1.61%,2.62%
7964,Harbour,4155,84.79%,9.72%,0.63%,0.51%,2.05%,2.31%
7966,Hartz,4153,94.75%,1.66%,(S),(S),1.20%,1.73%
7992,Haws,4138,92.07%,2.34%,0.70%,0.41%,1.59%,2.88%
8032,Halpern,4121,95.34%,0.44%,0.58%,0.24%,1.09%,2.31%
8040,Hagedorn,4116,95.00%,0.34%,1.00%,0.12%,1.92%,1.63%
8070,Haider,4107,47.50%,1.10%,43.22%,0.41%,4.89%,2.87%
8076,Holifield,4104,67.79%,28.24%,0.27%,0.39%,1.32%,2.00%
8091,Holstein,4098,93.27%,0.32%,0.95%,1.15%,1.93%,2.39%
8114,Hockenberry,4086,96.65%,0.27%,0.27%,0.29%,1.08%,1.44%
8141,Hardie,4071,80.89%,13.83%,0.76%,0.71%,2.14%,1.67%
8144,Heiman,4070,96.02%,0.64%,0.49%,0.15%,0.79%,1.92%
8153,Householder,4067,94.91%,0.44%,0.49%,0.57%,1.65%,1.94%
8163,Hoey,4062,85.08%,6.79%,3.72%,0.12%,1.48%,2.81%
8176,Hazard,4054,76.42%,10.83%,0.99%,3.85%,4.32%,3.60%
8178,Haberman,4053,95.11%,0.27%,0.49%,0.52%,1.11%,2.49%
8213,Hartsell,4040,94.85%,1.49%,0.50%,0.30%,1.19%,1.68%
8213,Heid,4040,90.42%,3.96%,0.92%,0.32%,1.29%,3.09%
8220,Hibbert,4037,53.98%,39.44%,0.72%,0.35%,2.48%,3.05%
8254,Huth,4013,94.67%,0.45%,1.37%,0.22%,1.22%,2.07%
8274,Hinojos,4006,5.14%,0.17%,(S),0.40%,(S),94.11%
8299,Hoard,3992,73.72%,21.64%,0.30%,0.40%,1.98%,1.95%
8308,Hafer,3989,94.89%,0.50%,0.65%,0.15%,1.73%,2.08%
8332,Hollar,3976,94.44%,1.23%,0.55%,0.28%,1.53%,1.96%
8348,Hazzard,3965,69.86%,23.48%,0.91%,0.48%,3.05%,2.22%
8356,Hiles,3962,88.94%,5.25%,0.45%,0.81%,1.49%,3.05%
8361,Housley,3960,80.30%,13.89%,0.56%,0.83%,2.22%,2.20%
8365,Houlihan,3958,94.57%,0.43%,0.78%,0.18%,1.44%,2.60%
8394,Halley,3943,75.68%,18.13%,0.48%,0.41%,1.83%,3.47%
8398,Higa,3940,7.66%,0.53%,70.51%,0.00%,13.12%,8.17%
8402,Hermanson,3937,94.69%,0.91%,0.64%,0.41%,1.24%,2.11%
8407,Heron,3934,66.22%,22.14%,1.60%,0.66%,2.06%,7.32%
8415,Hewlett,3927,70.03%,24.19%,0.74%,0.33%,2.09%,2.62%
8427,Hagood,3922,73.02%,22.85%,0.59%,0.56%,1.35%,1.63%
8432,Hake,3918,94.33%,1.79%,0.69%,0.31%,0.94%,1.94%
8446,Holzer,3911,95.22%,0.20%,0.51%,0.33%,1.18%,2.56%
8481,Horta,3889,17.82%,0.93%,0.62%,(S),(S),80.33%
8489,Halcomb,3883,89.93%,4.56%,0.46%,0.77%,2.01%,2.27%
8505,Hubbs,3873,92.20%,3.00%,0.57%,0.62%,1.55%,2.07%
8541,Hilario,3854,6.05%,(S),21.46%,(S),1.06%,70.68%
8576,Harty,3842,90.73%,3.59%,0.65%,0.34%,1.51%,3.18%
8579,Hudnall,3839,84.24%,11.36%,0.52%,0.31%,1.82%,1.75%
8587,Hurlburt,3836,94.16%,0.13%,0.44%,0.99%,2.45%,1.82%
8594,Haack,3832,94.55%,0.29%,0.47%,1.20%,0.86%,2.64%
8611,Heng,3819,11.78%,(S),82.69%,(S),2.04%,3.04%
8622,Hansel,3815,92.45%,2.91%,0.58%,0.21%,1.73%,2.12%
8639,Hollingshead,3807,92.07%,3.02%,0.47%,0.45%,1.86%,2.13%
8641,Hedge,3805,84.70%,5.99%,4.73%,0.53%,1.92%,2.13%
8664,Hufford,3793,93.91%,0.63%,0.69%,0.87%,1.58%,2.32%
8689,Hersey,3780,87.94%,8.25%,0.58%,0.29%,1.77%,1.16%
8714,Hatter,3765,67.22%,25.79%,0.77%,0.72%,2.97%,2.52%
8728,Heins,3757,94.89%,1.33%,(S),(S),1.09%,1.97%
8753,Hanner,3748,84.31%,10.54%,0.67%,0.35%,1.95%,2.19%
8763,Henn,3743,94.44%,0.94%,0.67%,0.27%,1.02%,2.67%
8770,Hine,3738,92.35%,1.74%,1.47%,0.40%,1.66%,2.38%
8775,Hosey,3735,69.72%,25.49%,0.43%,0.32%,2.01%,2.03%
8793,Hathcock,3726,93.18%,2.63%,0.46%,0.86%,1.21%,1.66%
8844,Hedden,3704,95.41%,0.59%,0.73%,0.19%,1.38%,1.70%
8865,Hoyos,3694,6.66%,0.24%,(S),(S),0.22%,92.69%
8885,Hollon,3686,92.59%,1.60%,0.76%,0.49%,1.95%,2.60%
8909,Heinen,3675,95.24%,0.33%,0.57%,0.54%,1.31%,2.01%
8936,Horstman,3664,96.15%,0.22%,0.71%,0.30%,1.01%,1.61%
8971,Harshman,3647,95.28%,0.99%,0.55%,0.38%,1.48%,1.32%
8980,Hartin,3644,69.13%,14.76%,1.15%,0.80%,2.28%,11.88%
8986,Helsel,3641,95.50%,0.63%,0.60%,0.63%,1.13%,1.51%
8990,Hubble,3639,93.05%,0.88%,0.82%,1.15%,2.17%,1.92%
9001,Heater,3634,94.80%,1.60%,0.55%,0.22%,1.51%,1.32%
9003,Hames,3633,82.22%,11.12%,0.33%,1.07%,2.45%,2.81%
9011,Hirst,3630,92.95%,1.54%,0.55%,0.66%,1.68%,2.62%
9043,Haven,3614,86.61%,4.70%,0.80%,2.93%,2.38%,2.57%
9050,Hartline,3610,95.60%,0.44%,0.25%,0.58%,1.25%,1.88%
9054,Hanke,3609,95.54%,0.28%,0.55%,0.19%,1.30%,2.13%
9061,Hetzel,3607,96.45%,0.25%,0.53%,0.39%,0.75%,1.64%
9068,Hamner,3604,87.87%,6.47%,0.47%,0.83%,1.64%,2.72%
9093,Hau,3592,49.33%,11.00%,31.24%,0.31%,1.92%,6.21%
9104,Hersh,3589,93.42%,1.89%,(S),(S),1.59%,2.20%
9104,Hoyer,3589,90.94%,1.76%,0.61%,0.31%,1.50%,4.88%
9125,Hendren,3578,89.77%,1.76%,0.28%,1.90%,1.96%,4.33%
9129,Haughton,3577,36.04%,57.42%,(S),(S),2.35%,3.86%
9132,Hassett,3576,95.25%,0.81%,0.50%,0.17%,1.06%,2.21%
9174,Haugh,3558,94.69%,1.04%,(S),(S),1.35%,1.85%
9176,Hawn,3556,94.40%,0.53%,1.35%,0.20%,1.63%,1.88%
9177,Hearne,3554,73.94%,21.30%,0.79%,0.25%,1.41%,2.31%
9203,Hoekstra,3544,96.76%,0.23%,0.71%,0.42%,0.85%,1.04%
9212,Helgeson,3537,95.34%,0.25%,0.59%,0.45%,1.44%,1.92%
9286,Hohman,3505,95.24%,0.97%,0.57%,0.34%,1.26%,1.63%
9291,Heald,3503,93.06%,0.80%,0.74%,0.77%,1.00%,3.63%
9291,Heitman,3503,94.83%,(S),1.08%,(S),1.46%,1.97%
9298,Halvorsen,3500,93.34%,0.20%,1.00%,0.37%,2.11%,2.97%
9301,Hoehn,3499,95.28%,0.49%,0.91%,0.26%,0.97%,2.09%
9307,Hartle,3498,96.37%,0.74%,0.26%,0.14%,1.26%,1.23%
9314,Havard,3495,87.64%,7.73%,0.34%,0.37%,1.55%,2.37%
9345,Helfrich,3482,95.55%,0.26%,0.55%,0.34%,1.29%,2.01%
9347,Husband,3480,67.33%,25.60%,0.60%,0.46%,2.07%,3.94%
9350,Hepburn,3479,60.36%,34.41%,0.57%,0.26%,1.78%,2.62%
9366,Hendley,3473,74.75%,20.27%,0.43%,0.32%,2.59%,1.64%
9382,Hennings,3467,78.17%,15.58%,0.95%,0.29%,1.70%,3.32%
9394,Hovis,3462,94.45%,2.43%,0.49%,0.32%,1.21%,1.10%
9421,Hoopes,3452,96.06%,0.46%,0.67%,0.23%,1.25%,1.33%
9437,Hessler,3447,95.01%,0.20%,0.75%,0.44%,1.28%,2.32%
9461,Hoban,3439,92.73%,2.09%,(S),(S),1.74%,2.41%
9473,Hamid,3433,31.14%,18.15%,38.86%,0.70%,8.53%,2.62%
9484,Holleman,3430,87.93%,7.11%,0.50%,0.85%,1.46%,2.16%
9515,Harber,3416,91.42%,3.66%,0.61%,0.73%,1.05%,2.52%
9515,Hord,3416,87.82%,7.03%,0.56%,0.56%,1.43%,2.61%
9525,Harshbarger,3413,95.87%,0.15%,0.76%,0.41%,1.26%,1.55%
9531,Haviland,3410,94.13%,0.35%,0.65%,0.50%,2.32%,2.05%
9544,Harsh,3407,93.34%,1.09%,1.82%,0.35%,1.29%,2.11%
9552,Heinemann,3403,94.48%,0.47%,0.82%,0.24%,1.53%,2.47%
9552,Hetherington,3403,89.66%,5.11%,0.53%,0.35%,1.85%,2.50%
9563,Holmquist,3399,94.70%,0.38%,0.68%,0.62%,1.29%,2.32%
9567,Hendon,3398,73.87%,18.54%,0.47%,1.77%,2.12%,3.24%
9578,Hartfield,3394,41.04%,52.92%,0.27%,0.53%,3.18%,2.06%
9590,Hiner,3390,90.97%,3.22%,0.47%,1.39%,1.59%,2.36%
9594,Hoelscher,3387,93.39%,0.21%,1.06%,1.86%,1.36%,2.13%
9615,Holub,3380,95.18%,0.27%,0.50%,0.18%,0.95%,2.93%
9636,Hornberger,3368,94.77%,1.28%,0.48%,0.30%,1.04%,2.14%
9638,Hackler,3367,88.12%,5.61%,0.62%,1.01%,1.96%,2.67%
9661,Hellman,3360,94.38%,0.86%,0.60%,0.39%,1.79%,1.99%
9672,Hegarty,3355,95.56%,(S),0.48%,(S),1.22%,2.50%
9672,Higbee,3355,92.49%,0.86%,1.01%,1.37%,2.15%,2.12%
9701,Hedlund,3344,94.32%,(S),1.05%,(S),2.27%,1.64%
9701,Hering,3344,93.69%,1.73%,0.87%,0.33%,1.05%,2.33%
9712,Halford,3340,89.64%,5.87%,0.63%,0.57%,1.20%,2.10%
9712,Hallam,3340,93.26%,1.05%,1.26%,0.60%,1.08%,2.75%
9716,Haskin,3339,78.41%,15.51%,1.17%,1.23%,1.68%,2.01%
9741,Hedgepeth,3327,57.05%,34.11%,0.33%,4.03%,3.01%,1.47%
9751,Hargraves,3324,73.53%,20.49%,0.33%,0.60%,2.05%,3.01%
9761,Hollaway,3320,75.90%,18.67%,0.42%,0.72%,1.90%,2.38%
9770,Hagans,3316,38.87%,53.44%,0.30%,0.93%,3.41%,3.05%
9813,Holsinger,3299,95.48%,0.64%,0.30%,0.39%,1.85%,1.33%
9827,Heyer,3295,91.78%,1.18%,1.67%,0.58%,1.97%,2.82%
9830,Hungerford,3294,91.32%,3.04%,(S),(S),1.64%,3.13%
9850,Haldeman,3284,95.49%,(S),0.82%,(S),1.37%,1.67%
9854,Herb,3282,94.79%,1.89%,0.52%,0.24%,1.07%,1.49%
9861,Hockett,3280,80.91%,14.39%,0.79%,0.85%,1.77%,1.28%
9865,Hartsock,3279,94.78%,0.24%,0.76%,0.21%,1.95%,2.04%
9907,Howze,3263,28.19%,65.40%,0.25%,1.23%,2.88%,2.05%
9940,Horwitz,3246,95.29%,(S),1.08%,(S),1.17%,1.97%
9956,Hockman,3242,96.14%,0.28%,0.34%,0.15%,0.93%,2.16%
9963,Hoggard,3239,73.02%,22.20%,0.22%,0.37%,2.28%,1.91%
9978,Hasson,3233,87.88%,4.64%,(S),(S),2.51%,3.00%
