Rank,Name,Count,White,Black,API,AIAN,2+ Races,Hispanic
8,Davis,1116357,62.20%,31.60%,0.49%,0.82%,2.45%,2.44%
55,Díaz,347636,5.19%,0.65%,1.19%,0.16%,0.25%,92.56%
167,Dixon,159480,54.25%,39.26%,0.43%,0.96%,2.61%,2.49%
187,Daniels,146570,54.67%,38.54%,0.51%,0.91%,2.68%,2.70%
197,Dunn,141427,80.08%,14.39%,0.75%,0.59%,1.94%,2.25%
212,Duncan,135187,76.39%,17.33%,0.52%,0.99%,2.21%,2.55%
221,Delgado,132985,5.57%,0.72%,0.80%,0.19%,0.25%,92.47%
254,Dominguez,119304,5.04%,0.38%,1.03%,0.25%,0.21%,93.09%
269,Dean,114030,76.61%,16.82%,1.06%,0.68%,2.20%,2.63%
294,Day,105091,83.08%,10.44%,1.02%,1.08%,1.97%,2.40%
301,Davidson,103930,84.38%,10.08%,0.65%,0.65%,1.88%,2.35%
311,Douglas,101458,58.62%,34.67%,0.52%,0.70%,2.69%,2.80%
349,Duran,89401,9.93%,0.54%,1.23%,0.78%,0.41%,87.11%
359,DeLeon,87414,6.64%,1.04%,8.31%,0.21%,0.74%,83.06%
380,Dawson,83182,68.30%,25.88%,0.64%,0.57%,2.29%,2.33%
396,Daniel,80526,62.84%,25.56%,3.16%,0.69%,2.15%,5.59%
409,Dennis,78482,65.60%,27.84%,0.60%,0.79%,2.29%,2.88%
441,Doyle,74458,89.12%,5.66%,0.66%,0.49%,1.68%,2.39%
458,Delacruz,72109,3.86%,0.40%,16.77%,0.19%,1.54%,77.24%
549,Drake,61162,79.55%,14.92%,0.52%,0.62%,2.04%,2.34%
597,Decker,56576,93.96%,0.90%,0.51%,0.58%,1.61%,2.45%
608,Davenport,55895,71.76%,22.32%,0.49%,0.69%,2.38%,2.36%
654,Dalton,52184,86.84%,7.71%,0.57%,0.67%,1.87%,2.32%
659,Dickerson,51889,62.97%,31.57%,0.43%,0.42%,2.52%,2.09%
683,Dillon,50465,84.36%,9.70%,0.72%,0.98%,1.65%,2.58%
742,Dyer,47170,83.22%,11.36%,0.51%,0.65%,1.76%,2.50%
774,Davila,44388,6.64%,0.70%,0.33%,0.18%,0.20%,91.95%
782,David,44040,59.45%,14.86%,13.85%,1.73%,2.52%,7.59%
783,DeJesus,44038,5.89%,1.56%,7.72%,0.22%,0.69%,83.92%
792,Durham,43635,73.03%,21.54%,0.43%,0.63%,2.20%,2.17%
793,Dorsey,43631,41.84%,52.16%,0.40%,0.48%,3.18%,1.95%
808,Duarte,42983,16.20%,1.67%,0.88%,0.29%,0.97%,79.99%
853,Donovan,40410,92.94%,2.00%,0.68%,0.27%,1.33%,2.79%
890,Dunlap,39063,75.00%,19.52%,0.46%,0.66%,2.13%,2.23%
892,Duffy,38835,90.71%,4.25%,0.67%,0.49%,1.63%,2.25%
910,Delarosa,37932,5.21%,0.59%,4.58%,0.28%,0.49%,88.85%
915,Dougherty,37884,94.37%,1.07%,0.62%,0.28%,1.33%,2.34%
927,Dodson,37566,81.39%,12.31%,0.51%,1.38%,2.20%,2.20%
950,Donaldson,36558,72.06%,22.12%,0.50%,0.40%,2.38%,2.54%
972,Dudley,35781,65.96%,27.67%,0.52%,0.74%,2.48%,2.62%
986,Dickson,35312,75.76%,16.89%,0.70%,1.36%,2.19%,3.10%
995,Duke,35053,85.45%,8.08%,0.62%,0.57%,1.96%,3.32%
997,Daugherty,34987,90.01%,4.48%,0.47%,1.09%,1.94%,2.00%
1025,Downs,33922,83.76%,10.20%,0.62%,0.66%,1.73%,3.03%
1030,Davies,33753,88.77%,6.35%,0.76%,0.27%,1.63%,2.22%
1045,Dotson,33347,68.17%,26.47%,0.32%,0.67%,2.45%,1.92%
1057,Delaney,33218,83.59%,11.25%,0.58%,0.42%,1.83%,2.32%
1072,Dailey,32719,77.28%,17.24%,0.53%,0.74%,1.97%,2.24%
1112,Donahue,31563,92.35%,2.98%,0.51%,0.78%,1.30%,2.08%
1114,Donnelly,31505,94.31%,1.07%,0.63%,0.23%,1.26%,2.50%
1118,Daly,31330,91.41%,3.43%,0.66%,0.25%,1.38%,2.86%
1130,Dillard,31021,53.34%,39.80%,0.35%,0.61%,3.00%,2.89%
1144,Dodd,30732,83.52%,10.67%,0.76%,0.66%,1.97%,2.43%
1155,Dang,30389,1.75%,0.34%,95.00%,0.03%,2.12%,0.76%
1159,Do,30301,2.34%,0.37%,94.78%,0.02%,1.64%,0.86%
1188,Dale,29757,78.17%,14.45%,0.74%,2.01%,2.09%,2.53%
1225,Downing,28880,80.29%,12.93%,0.60%,1.17%,2.34%,2.66%
1246,Dye,28182,83.48%,11.06%,0.54%,0.67%,1.96%,2.30%
1264,Doherty,27787,94.83%,0.89%,0.63%,0.30%,1.37%,1.98%
1268,Denton,27742,85.74%,8.95%,0.45%,0.62%,1.76%,2.47%
1283,Dolan,27329,94.95%,0.35%,0.77%,0.26%,1.45%,2.22%
1288,Delatorre,27265,4.87%,0.17%,1.98%,0.14%,0.24%,92.61%
1291,Dwyer,27240,92.03%,3.38%,0.75%,0.22%,1.34%,2.29%
1308,Dempsey,26863,88.86%,5.60%,0.59%,0.88%,1.68%,2.39%
1320,Downey,26627,88.35%,6.20%,0.62%,0.83%,1.65%,2.35%
1324,Dickinson,26607,89.69%,4.78%,0.78%,0.48%,1.71%,2.56%
1335,Dunbar,26405,64.22%,30.10%,0.60%,0.39%,2.39%,2.29%
1338,DeWitt,26348,87.58%,6.84%,0.56%,0.60%,1.92%,2.49%
1427,Daley,24901,76.62%,17.71%,0.69%,0.40%,2.03%,2.55%
1431,Dương,24870,0.83%,0.10%,96.69%,0.02%,1.60%,0.76%
1467,Draper,24337,79.42%,13.86%,0.57%,1.82%,1.89%,2.43%
1506,Devine,23775,87.43%,7.26%,0.64%,0.54%,1.64%,2.49%
1513,Drew,23722,75.92%,17.86%,0.69%,0.66%,2.23%,2.64%
1527,Dooley,23481,87.82%,7.11%,0.49%,0.65%,1.59%,2.35%
1538,Driscoll,23385,94.03%,1.55%,0.61%,0.24%,1.16%,2.41%
1539,DuBois,23366,86.22%,6.30%,0.68%,1.51%,1.98%,3.30%
1542,Dickey,23320,81.71%,12.96%,0.70%,0.52%,2.00%,2.11%
1604,Dunham,22362,85.12%,9.85%,0.52%,0.65%,1.93%,1.94%
1617,Davison,22276,79.42%,13.93%,0.62%,0.72%,2.30%,3.01%
1622,Dukes,22187,43.87%,50.72%,0.29%,0.29%,2.30%,2.53%
1635,Dodge,22035,92.43%,0.75%,0.69%,1.60%,1.80%,2.72%
1669,Dahl,21598,94.45%,0.51%,0.75%,0.66%,1.58%,2.04%
1670,Diamond,21586,85.02%,8.68%,0.87%,0.51%,1.85%,3.07%
1679,Dugan,21455,91.10%,3.22%,0.99%,0.48%,1.52%,2.69%
1687,Doss,21366,71.18%,23.51%,0.92%,0.39%,1.92%,2.07%
1718,Dick,20923,88.26%,3.40%,0.97%,4.11%,1.49%,1.77%
1760,Deal,20366,84.57%,9.27%,0.75%,1.65%,1.56%,2.20%
1767,DaSilva,20338,77.76%,9.28%,2.26%,0.30%,1.86%,8.54%
1811,DuVall,19844,88.96%,5.85%,0.55%,0.76%,1.73%,2.15%
1814,Doan,19760,29.86%,0.51%,66.31%,0.19%,2.20%,0.93%
1846,Dobson,19419,76.93%,17.25%,0.51%,0.77%,2.09%,2.46%
1880,Delossantos,19131,4.11%,0.39%,14.83%,0.17%,1.47%,79.02%
1904,Darling,18879,87.13%,7.20%,0.66%,0.66%,1.95%,2.39%
1916,Diehl,18815,95.23%,0.76%,0.44%,0.39%,1.09%,2.08%
1921,Darby,18757,62.17%,32.55%,0.41%,0.51%,2.23%,2.13%
1925,Dietz,18720,94.74%,0.41%,0.67%,0.38%,1.29%,2.51%
1938,Desai,18638,2.95%,0.32%,93.75%,0.33%,2.04%,0.62%
1956,Dobbs,18476,81.99%,12.24%,0.54%,0.94%,2.04%,2.26%
1980,Dill,18215,87.66%,6.62%,0.70%,1.00%,1.81%,2.21%
1990,Dickens,18123,63.46%,31.12%,0.39%,0.86%,1.93%,2.23%
2009,Doty,17965,91.99%,2.89%,0.56%,0.52%,1.54%,2.50%
2014,Drummond,17922,65.50%,28.82%,0.40%,0.42%,2.35%,2.50%
2016,Darnell,17915,87.59%,7.27%,0.45%,0.56%,1.90%,2.22%
2022,DeLong,17844,93.44%,0.82%,0.80%,0.96%,1.73%,2.24%
2062,Denny,17503,82.91%,7.10%,0.86%,4.47%,2.30%,2.37%
2076,Dumas,17442,54.53%,37.63%,0.77%,0.33%,2.53%,4.21%
2119,Dinh,17081,1.27%,(S),96.50%,(S),1.34%,0.73%
2123,Dutton,17057,90.94%,3.81%,0.62%,0.67%,2.03%,1.93%
2161,DuPree,16794,49.92%,44.06%,0.26%,0.80%,2.49%,2.46%
2174,Doran,16704,90.82%,1.93%,1.22%,0.34%,1.57%,4.12%
2202,Duff,16536,86.15%,8.98%,0.76%,0.37%,1.58%,2.17%
2245,Dowling,16238,87.30%,7.05%,0.61%,0.43%,1.69%,2.92%
2259,Dozier,16091,46.56%,47.49%,0.37%,0.47%,2.71%,2.41%
2263,DeLuca,16066,94.96%,0.27%,0.35%,0.14%,0.75%,3.53%
2266,Dias,16044,56.25%,6.37%,5.68%,0.45%,2.67%,28.58%
2291,Dietrich,15904,94.54%,0.55%,0.70%,0.38%,1.57%,2.26%
2356,Dow,15472,83.14%,9.58%,1.29%,0.78%,2.00%,3.21%
2361,Driver,15442,71.73%,21.15%,0.65%,1.81%,2.57%,2.09%
2363,Dawkins,15431,33.30%,61.16%,0.29%,0.40%,2.40%,2.46%
2377,Dowell,15320,76.23%,18.79%,0.38%,0.48%,1.86%,2.26%
2399,Delgadillo,15123,3.11%,0.13%,0.15%,0.24%,0.12%,96.24%
2407,Dobbins,15076,70.98%,23.57%,0.36%,0.68%,2.22%,2.20%
2436,Dent,14873,57.45%,37.41%,0.52%,0.48%,2.14%,2.00%
2438,Douglass,14862,82.73%,12.37%,0.57%,0.28%,1.74%,2.30%
2452,DeMarco,14731,93.99%,0.79%,0.48%,0.12%,1.12%,3.50%
2459,Durbin,14650,93.77%,1.01%,0.54%,0.41%,1.72%,2.55%
2465,Dennison,14629,83.74%,7.33%,0.68%,3.62%,2.40%,2.24%
2475,Dove,14560,76.40%,18.34%,0.45%,0.76%,1.94%,2.11%
2497,Diggs,14467,24.55%,68.07%,0.40%,0.51%,3.95%,2.52%
2566,Daigle,14084,93.41%,3.00%,0.44%,0.63%,0.99%,1.53%
2572,Deaton,14052,94.61%,0.98%,0.43%,0.68%,1.27%,2.03%
2587,Donohue,13919,95.24%,0.39%,0.65%,0.17%,1.22%,2.33%
2598,Dykes,13874,81.14%,14.59%,0.30%,0.43%,1.84%,1.71%
2627,Dueñas,13736,4.48%,0.23%,7.49%,0.20%,1.45%,86.16%
2649,DeVries,13600,94.81%,0.54%,0.82%,0.27%,1.42%,2.14%
2651,Dowd,13590,88.70%,5.98%,0.74%,0.67%,1.76%,2.15%
2678,Dowdy,13468,77.15%,17.59%,0.25%,0.86%,2.06%,2.09%
2683,Darden,13414,35.88%,57.92%,0.25%,0.89%,2.85%,2.21%
2748,DuBose,13120,48.73%,46.65%,0.33%,0.42%,1.88%,1.98%
2752,D'Amico,13109,94.56%,0.35%,0.48%,0.10%,0.93%,3.58%
2774,Devlin,13014,92.68%,2.98%,0.54%,0.25%,1.28%,2.27%
2808,Danielson,12833,93.25%,0.94%,1.32%,0.61%,1.70%,2.17%
2821,Denney,12792,93.11%,1.44%,0.45%,1.19%,1.47%,2.35%
2879,Dong,12466,2.87%,0.39%,93.81%,0.05%,2.13%,0.76%
2889,Durant,12428,51.96%,36.82%,0.68%,1.88%,3.23%,5.43%
2893,Denson,12419,45.69%,47.85%,0.48%,1.08%,2.63%,2.28%
2899,Donald,12367,52.03%,41.74%,0.68%,0.99%,2.60%,1.96%
2926,Dewey,12249,91.66%,1.87%,0.65%,1.92%,2.02%,1.88%
2928,Duggan,12237,92.44%,2.69%,0.74%,0.28%,1.35%,2.50%
2968,Duckworth,12080,79.83%,14.64%,0.58%,0.47%,2.09%,2.40%
2984,Dyson,12017,58.73%,36.03%,0.48%,0.32%,2.40%,2.03%
3019,Doughty,11880,81.69%,12.51%,0.66%,0.63%,1.96%,2.54%
3033,DelValle,11816,8.66%,1.37%,1.25%,0.12%,0.27%,88.33%
3053,Dorman,11739,89.08%,5.38%,0.55%,0.89%,1.82%,2.29%
3089,Dockery,11644,65.97%,29.31%,0.26%,0.43%,2.04%,1.99%
3157,DeVore,11445,86.01%,6.47%,0.53%,1.14%,1.73%,4.12%
3205,Daily,11276,85.08%,8.86%,0.73%,0.61%,1.95%,2.77%
3220,Dao,11211,1.71%,0.88%,94.37%,0.08%,1.92%,1.03%
3283,Domingo,11012,7.95%,2.25%,55.38%,1.18%,6.05%,27.19%
3287,Dial,10997,67.35%,12.17%,1.67%,9.48%,2.06%,7.27%
3299,Dees,10887,79.64%,15.05%,0.51%,1.10%,1.94%,1.76%
3320,Dunaway,10798,91.20%,4.22%,0.65%,0.36%,1.61%,1.95%
3328,Danner,10786,83.91%,10.85%,0.53%,0.49%,2.01%,2.21%
3330,Dunning,10784,80.64%,13.82%,0.49%,0.70%,2.10%,2.25%
3334,Delagarza,10759,7.63%,0.13%,0.23%,0.16%,0.16%,91.69%
3342,Drury,10721,94.73%,0.42%,0.45%,0.63%,1.46%,2.30%
3454,DeGuzman,10341,4.30%,0.40%,85.32%,0.08%,4.69%,5.21%
3456,du Pont,10339,82.98%,9.97%,0.95%,0.28%,1.60%,4.23%
3502,Dorn,10206,84.63%,10.00%,1.19%,0.22%,1.42%,2.55%
3508,DeLuna,10182,7.53%,0.18%,5.68%,0.29%,0.33%,85.99%
3530,DeSantis,10117,92.89%,0.48%,0.61%,0.18%,1.19%,4.65%
3535,Dexter,10099,83.87%,10.82%,0.62%,0.71%,2.08%,1.89%
3548,DeHart,10058,89.68%,2.13%,0.58%,1.10%,1.81%,4.70%
3620,del Rio,9814,9.20%,0.67%,1.07%,0.19%,0.33%,88.54%
3646,Doll,9749,93.79%,1.63%,0.74%,0.42%,1.36%,2.05%
3647,Dix,9748,76.05%,19.00%,0.70%,0.31%,1.73%,2.22%
3651,Dover,9742,83.32%,11.45%,0.46%,0.79%,1.49%,2.49%
3761,Dallas,9418,63.38%,28.14%,0.85%,2.38%,2.48%,2.77%
3766,DeLoach,9407,63.85%,32.01%,0.32%,0.36%,1.57%,1.89%
3779,Derrick,9365,78.48%,16.59%,0.64%,0.51%,1.79%,1.98%
3782,Deutsch,9361,95.82%,0.40%,0.64%,0.16%,0.96%,2.02%
3839,Demers,9225,95.50%,0.31%,0.53%,0.39%,1.42%,1.84%
3869,Dugger,9164,80.95%,13.62%,0.56%,0.84%,1.84%,2.19%
3881,Dube,9136,88.50%,4.77%,2.41%,0.32%,1.44%,2.56%
3918,Davey,9071,89.90%,4.17%,1.19%,0.49%,1.80%,2.46%
3974,Dunne,8941,93.26%,1.16%,1.07%,0.37%,1.26%,2.87%
3993,Deng,8898,1.64%,10.98%,86.04%,(S),0.88%,(S)
4014,Duval,8851,80.26%,10.87%,0.73%,0.55%,1.73%,5.85%
4031,Dodds,8813,87.68%,7.41%,0.70%,0.48%,1.53%,2.20%
4037,D'Angelo,8802,93.51%,1.00%,0.43%,0.14%,0.83%,4.09%
4070,Durand,8729,73.03%,9.71%,1.28%,0.55%,1.66%,13.76%
4126,DeAnda,8600,6.91%,0.58%,0.67%,0.52%,0.19%,91.13%
4135,Doucette,8573,89.08%,6.31%,0.54%,0.55%,1.54%,1.98%
4173,Dayton,8494,91.78%,2.04%,0.68%,1.13%,1.85%,2.52%
4218,del Rosario,8402,5.15%,0.36%,57.90%,0.13%,4.40%,32.05%
4222,DeSimone,8399,95.07%,0.36%,0.33%,0.14%,1.00%,3.10%
4225,Dion,8395,90.86%,1.63%,1.01%,2.25%,1.43%,2.81%
4229,D'Agostino,8388,94.53%,0.21%,0.58%,0.08%,0.95%,3.64%
4247,Damron,8354,93.51%,1.34%,0.66%,0.68%,1.88%,1.93%
4305,Dell,8255,84.43%,10.08%,0.99%,0.52%,1.49%,2.48%
4314,DeRosa,8241,92.26%,1.13%,0.67%,0.21%,0.89%,4.85%
4327,DeAngelo,8205,92.35%,1.78%,0.38%,0.12%,1.05%,4.33%
4340,Dupuis,8179,94.08%,0.64%,0.57%,1.28%,1.71%,1.71%
4355,Denham,8156,84.07%,10.03%,0.60%,0.50%,1.86%,2.93%
4372,Dupré,8131,86.20%,7.98%,0.41%,1.29%,1.53%,2.60%
4402,Denning,8076,89.59%,5.61%,0.61%,0.54%,1.56%,2.09%
4407,Duque,8058,8.54%,0.41%,8.45%,0.09%,0.82%,81.70%
4422,Dellinger,8040,96.08%,0.35%,0.51%,0.34%,0.96%,1.77%
4448,Durkin,7975,95.29%,0.41%,0.63%,0.24%,1.12%,2.32%
4485,Dykstra,7913,95.72%,0.21%,0.67%,0.18%,1.15%,2.07%
4528,DeVito,7831,94.92%,(S),0.33%,(S),0.87%,3.52%
4533,Donato,7823,69.55%,2.39%,5.84%,0.31%,1.66%,20.25%
4543,DeBoer,7798,96.09%,0.13%,0.69%,0.28%,1.19%,1.62%
4546,DeAngelis,7791,95.64%,(S),0.36%,(S),1.03%,2.62%
4562,Dvorak,7771,95.43%,0.26%,0.54%,0.37%,1.24%,2.16%
4571,DeYoung,7759,94.52%,0.90%,1.06%,0.21%,1.46%,1.86%
4640,Drayton,7648,15.00%,78.52%,0.22%,0.20%,3.29%,2.77%
4648,Driggers,7641,92.61%,1.31%,0.47%,1.60%,1.87%,2.15%
4675,Donley,7589,86.60%,8.18%,0.72%,0.26%,1.62%,2.61%
4690,Du,7566,2.78%,0.81%,94.71%,0.07%,0.77%,0.87%
4695,Damon,7555,76.06%,13.54%,1.27%,4.62%,1.73%,2.78%
4730,Diallo,7502,1.84%,95.64%,0.12%,0.09%,1.55%,0.76%
4749,Derr,7456,92.58%,3.30%,0.71%,0.27%,1.42%,1.72%
4783,Desmond,7395,88.97%,4.96%,0.85%,0.47%,1.80%,2.95%
4793,Dabney,7376,38.11%,56.03%,0.52%,0.45%,3.23%,1.67%
4794,Duckett,7375,61.98%,32.96%,0.34%,0.37%,2.12%,2.24%
4837,Das,7289,7.63%,1.84%,85.61%,0.60%,3.33%,0.99%
4862,del Toro,7251,6.40%,0.36%,0.30%,0.08%,0.26%,92.59%
4972,Doe,7066,54.91%,29.90%,3.92%,0.82%,1.95%,8.49%
4975,DeStefano,7058,94.72%,0.27%,0.51%,0.11%,0.99%,3.40%
4980,Damian,7048,19.62%,0.82%,4.82%,0.55%,0.75%,73.43%
4990,Dimas,7035,12.82%,0.51%,0.43%,0.21%,0.17%,85.86%
5014,Durden,7007,59.47%,35.59%,0.27%,0.61%,2.10%,1.96%
5021,DeLaFuente,6996,7.28%,0.20%,5.03%,0.11%,0.49%,86.89%
5057,Durr,6937,62.61%,31.38%,0.86%,0.29%,2.65%,2.21%
5079,Dávalos,6894,6.09%,0.17%,0.94%,0.29%,0.23%,92.27%
5080,Doolittle,6893,90.66%,4.13%,0.77%,0.84%,1.36%,2.23%
5093,Dugas,6871,81.59%,14.50%,0.25%,0.45%,1.16%,2.05%
5100,DeSantiago,6864,2.78%,0.10%,0.07%,0.09%,0.20%,96.75%
5116,Dalrymple,6843,89.61%,4.82%,0.61%,0.69%,1.51%,2.76%
5133,Denis,6818,47.26%,26.94%,0.94%,0.22%,1.50%,23.14%
5144,D'Amato,6804,91.59%,0.19%,1.16%,0.16%,1.21%,5.69%
5153,Dionne,6788,91.26%,1.10%,0.71%,2.65%,1.71%,2.56%
5175,Dreyer,6751,94.68%,0.64%,0.89%,0.39%,1.19%,2.22%
5177,Dumont,6748,87.39%,4.39%,0.61%,1.70%,1.96%,3.96%
5224,DaCosta,6679,59.66%,23.94%,3.02%,0.18%,3.04%,10.15%
5227,Darr,6677,93.50%,1.47%,1.30%,0.28%,1.53%,1.92%
5228,Dombrowski,6676,96.18%,0.22%,0.46%,0.18%,1.15%,1.80%
5251,Dorris,6644,81.32%,12.97%,0.63%,0.54%,1.79%,2.74%
5255,DeSouza,6639,60.52%,18.30%,9.01%,0.30%,4.05%,7.82%
5265,Deese,6626,75.08%,11.12%,0.48%,9.03%,1.87%,2.41%
5343,DeLao,6515,8.78%,0.38%,0.52%,0.15%,0.34%,89.82%
5356,Doane,6501,93.42%,1.51%,1.05%,0.23%,2.17%,1.63%
5361,Donnell,6494,69.70%,22.94%,0.48%,1.82%,2.36%,2.71%
5364,Denison,6490,92.02%,1.65%,0.92%,1.09%,1.88%,2.43%
5393,Deane,6454,81.86%,10.61%,1.70%,1.04%,2.09%,2.70%
5429,Dollar,6414,89.43%,5.24%,0.89%,1.12%,1.75%,1.57%
5436,Delapaz,6404,5.20%,0.37%,11.77%,0.30%,1.05%,81.31%
5452,Dawes,6383,72.57%,15.46%,0.55%,6.50%,1.94%,2.98%
5535,Dee,6275,72.48%,8.10%,10.20%,4.67%,2.02%,2.53%
5545,Doucet,6267,81.71%,13.63%,0.38%,0.41%,1.45%,2.41%
5561,Dew,6252,73.75%,20.43%,1.10%,0.80%,2.38%,1.54%
5562,Duffey,6251,84.74%,11.05%,0.51%,0.38%,1.39%,1.92%
5563,DeJong,6249,95.31%,0.37%,0.80%,0.08%,1.57%,1.87%
5570,Dinkins,6242,40.31%,54.82%,0.24%,0.30%,2.52%,1.81%
5585,Duhon,6223,80.03%,15.17%,0.47%,0.35%,1.53%,2.46%
5624,DiPietro,6180,95.42%,(S),0.50%,(S),0.71%,3.09%
5636,Diep,6168,1.13%,(S),96.16%,(S),1.25%,1.43%
5651,Diego,6141,8.50%,2.46%,7.64%,0.41%,1.81%,79.19%
5656,dos Santos,6137,71.29%,13.62%,2.26%,0.39%,2.23%,10.20%
5660,Denman,6133,87.12%,8.10%,0.38%,0.47%,1.37%,2.56%
5686,DeWeese,6095,94.67%,1.16%,0.41%,0.44%,1.51%,1.80%
5691,DiStefano,6091,94.80%,(S),0.53%,(S),0.82%,3.64%
5741,Duron,6037,11.96%,0.68%,0.68%,0.20%,0.33%,86.15%
5743,Duda,6034,96.70%,0.12%,0.78%,0.20%,0.73%,1.47%
5752,Deckard,6022,83.46%,10.58%,0.61%,1.20%,2.09%,2.06%
5769,D'Onofrio,6004,95.24%,0.28%,0.40%,0.15%,1.02%,2.91%
5780,Durst,5995,91.48%,4.74%,0.53%,0.13%,1.62%,1.50%
5806,Downes,5956,82.47%,12.14%,0.65%,0.22%,2.17%,2.35%
5817,Doerr,5942,95.22%,0.39%,0.76%,0.35%,0.96%,2.32%
5825,Deering,5936,87.01%,7.24%,0.64%,0.51%,1.58%,3.02%
5827,Delcid,5933,3.40%,0.42%,0.32%,(S),(S),95.63%
5837,Dizon,5924,4.46%,0.52%,85.99%,0.12%,5.25%,3.66%
5860,DeCarlo,5889,93.16%,0.88%,0.41%,0.49%,0.97%,4.09%
5884,Dibble,5866,91.29%,3.75%,0.75%,0.51%,1.48%,2.22%
5921,Derby,5822,88.78%,5.32%,0.57%,0.74%,1.79%,2.80%
5925,Daughtry,5816,64.53%,30.50%,0.41%,0.83%,1.50%,2.24%
5928,Dorr,5814,92.59%,2.13%,0.69%,1.12%,1.53%,1.94%
5930,Dickman,5809,96.09%,0.29%,0.48%,0.21%,1.07%,1.86%
5939,Ducharme,5797,94.45%,0.41%,0.53%,1.04%,1.29%,2.28%
5942,Dearing,5794,87.02%,7.77%,0.59%,0.54%,2.04%,2.05%
5946,Darrow,5791,94.08%,1.42%,0.76%,0.48%,1.31%,1.95%
6008,Dana,5723,79.63%,1.87%,8.02%,2.48%,2.15%,5.85%
6036,Dilley,5692,94.26%,0.60%,0.39%,0.65%,1.44%,2.67%
6054,Deck,5668,90.60%,3.55%,0.90%,0.60%,1.82%,2.54%
6061,Dillman,5660,94.88%,0.23%,0.49%,0.39%,1.71%,2.30%
6074,Dreher,5644,84.32%,11.59%,0.34%,0.39%,1.44%,1.93%
6118,Dutcher,5605,92.81%,1.39%,0.70%,0.77%,1.89%,2.44%
6158,D'Alessandro,5559,94.21%,0.32%,0.61%,0.11%,1.01%,3.74%
6165,Dancy,5551,34.12%,61.86%,0.14%,0.25%,2.02%,1.60%
6167,Dever,5549,89.62%,5.12%,0.45%,0.67%,1.35%,2.79%
6176,Deason,5539,89.96%,4.80%,0.14%,0.97%,1.50%,2.62%
6197,Dudek,5519,96.38%,0.18%,0.78%,0.09%,0.92%,1.65%
6210,Dulaney,5507,82.06%,13.20%,0.45%,0.35%,2.14%,1.80%
6228,DeBerry,5493,46.04%,48.19%,0.35%,0.51%,2.97%,1.95%
6235,Deming,5482,93.93%,1.06%,0.64%,0.29%,1.88%,2.21%
6278,DeGroot,5442,93.59%,0.68%,0.92%,0.57%,2.08%,2.17%
6300,Desrosiers,5423,78.20%,16.80%,0.18%,0.30%,1.60%,2.91%
6323,DeMoss,5399,89.13%,4.89%,0.44%,0.65%,1.35%,3.54%
6327,Delano,5392,89.30%,1.98%,1.41%,0.46%,1.84%,5.01%
6339,Dryden,5378,86.87%,7.18%,0.50%,0.67%,1.43%,3.35%
6346,Dhillon,5371,4.10%,0.19%,91.49%,0.52%,2.27%,1.43%
6361,DeCastro,5354,32.72%,3.66%,37.06%,0.17%,2.90%,23.50%
6367,Dorado,5345,5.18%,(S),3.82%,(S),0.43%,90.38%
6407,D'Andrea,5310,93.75%,0.73%,0.38%,0.17%,1.37%,3.60%
6414,Delia,5301,84.19%,4.73%,1.51%,0.42%,0.94%,8.21%
6436,Downer,5277,67.86%,26.61%,0.66%,0.21%,2.20%,2.46%
6498,Delk,5222,78.74%,15.72%,0.77%,0.50%,1.78%,2.49%
6504,Dave,5218,13.30%,9.68%,72.29%,1.34%,2.05%,1.34%
6514,Dorsett,5208,70.78%,21.27%,0.42%,0.42%,1.90%,5.20%
6540,Delos Reyes,5177,4.89%,0.21%,56.71%,0.14%,3.55%,34.50%
6576,Dominick,5149,79.12%,13.13%,0.78%,0.50%,2.37%,4.10%
6595,DePew,5135,94.24%,0.68%,0.56%,0.55%,1.60%,2.38%
6598,Delp,5134,96.01%,0.37%,0.66%,0.19%,1.01%,1.75%
6616,Detweiler,5119,98.03%,0.20%,0.41%,0.18%,0.47%,0.72%
6618,DeVoe,5118,80.66%,14.36%,0.31%,0.66%,1.91%,2.09%
6634,Dishman,5106,89.29%,6.23%,0.47%,0.51%,1.23%,2.27%
6662,Dore,5075,84.12%,7.98%,1.62%,0.87%,1.62%,3.80%
6664,Donner,5068,87.55%,6.24%,1.09%,0.85%,2.17%,2.11%
6704,Dyke,5037,90.51%,4.37%,0.69%,0.52%,1.87%,2.04%
6709,Daggett,5035,89.45%,4.69%,0.58%,0.44%,1.93%,2.92%
6735,Dinsmore,5008,92.99%,1.40%,0.68%,0.68%,2.24%,2.02%
6777,Dowdell,4976,32.66%,62.36%,0.32%,0.26%,2.95%,1.45%
6781,Dingman,4974,94.23%,0.30%,0.48%,0.88%,1.35%,2.75%
6784,Ding,4973,4.60%,0.97%,93.16%,(S),0.88%,(S)
6894,d'Arcy,4876,91.80%,1.25%,0.51%,0.66%,2.17%,3.61%
6918,Detwiler,4849,94.82%,1.07%,0.41%,0.33%,1.32%,2.04%
6930,DiBenedetto,4838,94.85%,0.29%,0.58%,0.10%,0.97%,3.20%
6961,Dull,4818,93.30%,0.79%,1.00%,1.83%,1.25%,1.85%
6965,Dortch,4817,34.67%,60.14%,0.21%,0.33%,2.26%,2.39%
6971,Dones,4813,30.94%,24.70%,5.78%,0.39%,1.35%,36.84%
6995,Dillingham,4791,81.49%,12.65%,0.38%,0.54%,2.71%,2.23%
7044,Doering,4754,95.04%,0.32%,0.63%,0.25%,1.35%,2.42%
7075,DeSilva,4731,41.81%,10.36%,32.45%,0.68%,6.00%,8.71%
7080,Deaver,4729,88.83%,6.05%,0.47%,0.42%,2.18%,2.05%
7091,Dai,4723,3.73%,(S),93.82%,(S),1.08%,0.78%
7120,Dilworth,4699,54.03%,40.80%,0.30%,0.17%,2.26%,2.45%
7138,Duty,4685,89.48%,4.67%,0.75%,0.92%,2.28%,1.90%
7191,Dufour,4647,93.14%,2.17%,0.58%,0.54%,1.38%,2.19%
7236,Dufresne,4611,88.53%,6.25%,0.50%,0.80%,1.71%,2.21%
7283,Dickenson,4575,83.13%,9.64%,0.57%,1.75%,1.95%,2.97%
7333,Devaney,4549,94.75%,0.48%,0.75%,0.40%,1.71%,1.91%
7335,DelVecchio,4548,95.07%,(S),0.40%,(S),0.59%,3.52%
7350,Dirks,4534,91.80%,3.31%,0.90%,0.79%,1.76%,1.43%
7351,DeHaven,4532,94.90%,1.15%,0.46%,0.33%,1.19%,1.96%
7367,Duck,4521,77.28%,15.90%,1.46%,0.86%,2.01%,2.48%
7380,Dabbs,4516,80.31%,14.08%,0.75%,0.84%,1.97%,2.04%
7420,DiGiovanni,4487,95.63%,(S),0.47%,(S),1.18%,2.45%
7437,Deel,4478,95.80%,0.63%,0.40%,0.96%,1.00%,1.21%
7453,Deen,4471,74.64%,11.27%,7.87%,1.12%,2.51%,2.59%
7455,Dressler,4470,94.79%,0.51%,0.51%,1.16%,0.76%,2.26%
7459,Drum,4468,91.61%,1.88%,0.67%,1.77%,1.34%,2.73%
7478,DeHoyos,4455,6.69%,0.36%,(S),0.31%,(S),92.32%
7514,Duquette,4429,93.99%,0.18%,0.63%,0.47%,1.56%,3.16%
7528,Danley,4420,83.87%,10.79%,0.59%,0.52%,2.26%,1.97%
7575,DeVera,4386,11.04%,0.52%,74.76%,0.25%,5.24%,8.19%
7595,Dement,4376,92.96%,1.58%,0.64%,0.78%,1.42%,2.63%
7601,Donegan,4372,85.68%,9.56%,0.50%,0.21%,1.83%,2.22%
7662,Desjardins,4335,91.86%,3.25%,0.74%,0.25%,1.31%,2.58%
7677,DePalma,4324,93.62%,0.23%,0.46%,0.19%,1.06%,4.44%
7684,Drown,4321,73.62%,20.81%,0.30%,0.67%,2.22%,2.38%
7701,DelReal,4311,3.94%,(S),0.19%,(S),0.19%,95.50%
7710,Diller,4306,94.59%,1.42%,0.56%,0.14%,1.16%,2.14%
7717,Dingle,4301,31.41%,58.75%,4.05%,0.37%,2.79%,2.63%
7744,DePriest,4287,82.27%,11.66%,0.49%,1.05%,2.26%,2.26%
7748,Dixson,4285,48.07%,42.99%,0.82%,2.12%,3.36%,2.64%
7763,D'Ambrosio,4275,94.18%,0.21%,0.56%,0.33%,1.19%,3.53%
7763,DiMarco,4275,93.64%,0.35%,0.40%,0.19%,0.80%,4.63%
7799,Doggett,4245,77.79%,18.16%,0.42%,0.33%,1.63%,1.67%
7803,Desir,4241,3.28%,90.19%,(S),(S),2.48%,3.40%
7810,Danforth,4239,86.22%,4.79%,0.68%,4.81%,1.77%,1.72%
7815,Danko,4237,87.40%,5.69%,2.76%,0.12%,1.58%,2.45%
7819,Dunlop,4234,88.10%,6.21%,0.59%,0.31%,1.94%,2.86%
7821,Drennan,4233,92.30%,1.02%,0.54%,1.87%,1.20%,3.07%
7831,Dicks,4228,67.36%,28.55%,0.40%,0.31%,1.94%,1.44%
7838,Dutra,4225,83.57%,1.23%,3.98%,0.36%,2.77%,8.09%
7852,Doster,4215,79.19%,15.75%,0.38%,0.33%,2.04%,2.30%
7863,Derry,4209,77.48%,15.80%,0.83%,0.45%,2.68%,2.76%
7876,Dandridge,4201,19.71%,73.03%,0.48%,0.43%,3.83%,2.52%
7915,Driskell,4180,80.50%,14.59%,0.48%,0.50%,1.60%,2.32%
7933,Desmarais,4170,95.28%,0.62%,0.58%,0.14%,1.44%,1.94%
7944,Deas,4165,42.02%,49.22%,1.06%,0.36%,2.16%,5.19%
7992,DiCarlo,4138,93.69%,0.17%,0.36%,0.27%,1.06%,4.45%
7995,Depaz,4137,4.33%,0.68%,2.66%,(S),(S),92.17%
8002,DeRose,4135,89.58%,5.20%,0.70%,0.22%,1.21%,3.10%
8019,Dey,4127,60.67%,5.84%,29.54%,0.27%,2.13%,1.55%
8036,Dantzler,4117,24.73%,70.08%,0.22%,0.24%,2.79%,1.94%
8087,Debord,4100,92.68%,0.51%,0.95%,0.80%,1.80%,3.24%
8093,DeMars,4097,92.48%,2.64%,0.34%,0.51%,1.22%,2.81%
8110,Dunson,4088,38.82%,53.79%,0.34%,1.74%,2.86%,2.45%
8113,Deans,4087,57.60%,35.82%,0.59%,0.59%,2.10%,3.30%
8139,DeOliveira,4072,83.45%,5.77%,1.30%,0.61%,1.45%,7.42%
8189,Delapena,4051,8.02%,0.44%,30.56%,0.17%,2.94%,57.86%
8189,DiGiacomo,4051,95.06%,(S),0.47%,(S),0.94%,3.31%
8212,Delisle,4041,93.42%,1.53%,0.74%,0.62%,1.34%,2.35%
8230,Dearman,4030,84.09%,7.10%,0.65%,1.59%,2.78%,3.80%
8248,Durkee,4017,93.58%,1.10%,0.90%,0.35%,1.72%,2.36%
8254,Delcastillo,4013,11.69%,0.30%,11.06%,0.17%,0.57%,76.20%
8254,Duren,4013,71.19%,22.15%,0.70%,0.32%,1.99%,3.64%
8271,Duffield,4009,90.20%,3.19%,0.60%,1.37%,2.87%,1.77%
8287,Dulin,3998,78.66%,15.31%,1.08%,0.30%,2.35%,2.30%
8308,Durfee,3989,93.16%,0.30%,0.58%,1.33%,2.08%,2.56%
8339,Densmore,3971,89.52%,5.94%,0.76%,0.65%,1.56%,1.56%
8350,DeSpain,3964,93.39%,0.33%,0.48%,0.58%,1.29%,3.94%
8361,Dewberry,3960,46.04%,48.48%,0.23%,0.45%,2.95%,1.84%
8365,Daye,3958,29.08%,62.20%,2.37%,1.09%,3.18%,2.07%
8375,Dunford,3952,90.99%,4.91%,0.40%,0.48%,1.80%,1.42%
8383,Devereaux,3949,79.69%,12.76%,0.53%,2.08%,1.77%,3.17%
8434,Dameron,3917,82.54%,11.41%,0.77%,0.84%,2.12%,2.32%
8437,DeSousa,3915,83.37%,3.73%,2.89%,0.26%,1.86%,7.89%
8443,DiMaggio,3912,94.33%,0.23%,0.69%,0.36%,1.35%,3.04%
8453,Drumm,3908,95.60%,0.31%,0.36%,0.26%,0.92%,2.56%
8458,Danna,3904,90.75%,3.30%,1.00%,0.38%,0.82%,3.74%
8494,Dills,3878,92.60%,2.40%,0.46%,0.95%,1.68%,1.91%
8496,Deville,3877,76.04%,16.15%,0.67%,0.70%,2.79%,3.66%
8512,DeMello,3868,74.28%,0.96%,9.23%,0.16%,8.74%,6.64%
8527,Drain,3859,62.87%,31.30%,0.54%,1.01%,2.57%,1.71%
8559,DeFelice,3848,93.09%,0.44%,0.83%,0.75%,1.35%,3.53%
8572,Domingue,3843,72.76%,16.91%,0.81%,0.31%,1.51%,7.70%
8598,Dowden,3829,84.17%,10.03%,1.07%,0.39%,1.72%,2.61%
8599,Dash,3828,43.50%,34.64%,14.55%,1.20%,2.46%,3.66%
8611,Dungan,3819,92.38%,1.05%,1.60%,0.52%,1.60%,2.85%
8681,Deitz,3784,94.48%,0.29%,0.45%,0.92%,1.45%,2.40%
8720,DeLucia,3762,93.46%,(S),0.53%,(S),1.30%,4.33%
8775,Dann,3735,86.45%,5.89%,2.44%,2.36%,1.37%,1.50%
8828,Dunigan,3711,71.33%,22.99%,0.27%,0.78%,2.26%,2.37%
8850,Dunston,3702,32.41%,60.40%,0.49%,0.76%,3.43%,2.51%
8862,Drews,3695,95.70%,0.24%,0.84%,0.27%,1.30%,1.65%
8891,DiOrio,3682,94.79%,(S),0.43%,(S),0.76%,3.69%
8906,Dear,3677,66.90%,24.29%,3.21%,0.49%,2.34%,2.77%
8928,Dunphy,3666,95.12%,0.19%,0.63%,0.27%,1.50%,2.29%
8946,Dail,3659,86.03%,8.66%,1.56%,0.63%,1.37%,1.75%
8956,DeLorenzo,3655,94.45%,(S),0.49%,(S),1.01%,3.69%
8956,Diedrich,3655,95.05%,0.49%,0.41%,0.49%,1.56%,2.00%
8962,Deegan,3653,92.44%,0.25%,0.79%,1.81%,1.59%,3.12%
8971,Dame,3647,93.47%,1.32%,1.15%,0.52%,1.37%,2.17%
9006,Disney,3631,91.82%,2.23%,0.52%,0.55%,2.34%,2.53%
9037,Delay,3616,82.13%,7.55%,4.18%,0.80%,1.88%,3.46%
9092,Dart,3594,89.71%,3.78%,1.03%,0.78%,2.00%,2.70%
9192,Dupuy,3548,80.64%,10.94%,0.51%,0.73%,1.30%,5.89%
9208,DeMaio,3542,94.10%,(S),0.54%,(S),0.85%,4.04%
9267,DeLeo,3513,89.24%,1.25%,1.08%,0.20%,1.02%,7.20%
9293,Diez,3502,26.38%,0.66%,2.94%,0.31%,0.74%,68.96%
9293,Dougan,3502,89.09%,5.37%,0.83%,0.31%,2.03%,2.37%
9301,Dahlberg,3499,94.40%,0.29%,0.63%,0.40%,1.49%,2.80%
9307,Doak,3498,92.71%,1.23%,1.29%,1.09%,1.26%,2.43%
9334,Dunkin,3489,86.56%,7.34%,0.63%,1.18%,1.78%,2.52%
9357,DeVault,3476,88.12%,6.93%,0.35%,0.83%,2.04%,1.73%
9361,DeMaria,3475,93.73%,0.55%,0.49%,0.17%,0.95%,4.12%
9361,Donahoe,3475,93.96%,2.04%,(S),(S),0.98%,2.36%
9368,Dare,3472,82.89%,5.73%,6.34%,0.40%,1.67%,2.97%
9384,Doctor,3465,38.10%,39.83%,10.59%,5.37%,3.09%,3.03%
9384,Dunagan,3465,89.12%,4.44%,0.81%,0.89%,1.65%,3.09%
9389,Dillow,3464,95.67%,0.78%,0.40%,0.43%,1.13%,1.59%
9444,Durso,3445,94.57%,0.61%,(S),(S),0.46%,3.86%
9511,D'Souza,3417,9.22%,0.85%,81.36%,0.44%,6.26%,1.87%
9524,Dinger,3414,93.79%,0.38%,0.94%,0.47%,1.70%,2.72%
9531,Darrah,3410,93.70%,1.85%,0.53%,0.41%,1.67%,1.85%
9544,Davie,3407,71.27%,24.10%,0.59%,0.44%,1.79%,1.82%
9573,Delacerda,3395,11.75%,0.24%,0.47%,0.32%,0.27%,86.95%
9587,Dice,3391,90.83%,5.28%,0.35%,0.35%,0.74%,2.45%
9611,Duprey,3381,78.62%,2.90%,0.41%,0.38%,1.51%,16.18%
9633,Durante,3369,79.93%,5.79%,3.92%,(S),(S),8.61%
9658,Durrett,3361,78.34%,15.74%,0.36%,1.13%,2.50%,1.93%
9661,Delavega,3360,11.28%,0.68%,12.44%,0.21%,1.55%,73.84%
9664,DiNardo,3359,95.71%,(S),0.54%,(S),0.98%,2.14%
9672,DiDonato,3355,95.50%,(S),0.39%,(S),0.36%,3.49%
9701,DiLorenzo,3344,93.93%,(S),0.84%,(S),0.75%,4.31%
9716,Damore,3339,93.38%,(S),0.93%,(S),1.23%,3.80%
9736,Dunkle,3329,94.14%,0.69%,0.75%,0.36%,1.83%,2.22%
9756,Deacon,3322,87.90%,4.94%,0.75%,3.04%,1.32%,2.05%
9770,Davy,3316,74.61%,19.00%,1.06%,0.30%,1.78%,3.26%
9810,Donoghue,3300,95.97%,(S),0.61%,(S),0.79%,2.18%
9818,Dieter,3298,95.48%,0.24%,0.73%,0.18%,1.46%,1.91%
9836,DePasquale,3290,95.87%,(S),0.52%,(S),0.40%,2.86%
9854,Durrant,3282,71.66%,12.92%,9.48%,0.40%,2.99%,2.56%
9859,Denmark,3281,61.38%,33.77%,0.52%,0.67%,2.32%,1.34%
9861,DeCosta,3280,69.39%,12.07%,4.15%,0.37%,6.37%,7.65%
9872,Dake,3277,89.78%,3.27%,1.37%,2.38%,1.89%,1.31%
9875,Dewald,3275,96.24%,0.27%,0.64%,0.52%,1.10%,1.22%
9875,Drago,3275,89.28%,1.65%,1.31%,0.15%,1.13%,6.47%
9884,Dole,3271,85.11%,2.51%,5.59%,0.55%,2.02%,4.22%
9902,Driskill,3264,93.20%,1.01%,0.74%,1.35%,1.81%,1.90%
9917,Deem,3258,94.78%,0.64%,0.71%,0.28%,1.63%,1.96%
9961,Dustin,3240,90.31%,4.66%,0.62%,0.80%,1.36%,2.25%
9964,Devers,3238,75.60%,14.89%,0.56%,0.80%,1.79%,6.36%
9969,Drexler,3235,91.90%,3.40%,(S),(S),0.99%,2.87%
10001,Dubon,3223,6.86%,0.31%,0.25%,0.00%,0.37%,92.21%
10015,Ducote,3219,94.41%,1.58%,0.25%,0.65%,1.09%,2.02%
10050,Dasher,3205,75.79%,18.78%,0.62%,0.72%,1.93%,2.15%
10072,DeHaan,3200,93.81%,1.25%,1.06%,0.31%,1.56%,2.00%
10107,Darlington,3187,78.00%,17.19%,0.69%,0.22%,1.41%,2.48%
10107,Dhaliwal,3187,3.01%,(S),92.72%,(S),2.67%,1.19%
10114,Dam,3186,19.11%,0.78%,76.18%,0.16%,1.85%,1.91%
10114,Dresser,3186,93.16%,0.38%,0.56%,1.00%,1.60%,3.30%
10136,Dorantes,3181,2.99%,0.28%,(S),(S),(S),96.45%
10189,Daves,3163,83.81%,10.34%,0.57%,0.47%,1.64%,3.16%
10211,DiSalvo,3156,94.49%,0.35%,0.44%,0.22%,1.14%,3.36%
10215,Dunton,3155,82.95%,10.62%,0.89%,0.73%,1.93%,2.88%
10219,Daum,3154,94.90%,0.70%,0.79%,0.38%,1.59%,1.65%
10228,Donelson,3152,67.80%,26.65%,0.54%,1.21%,2.16%,1.65%
10326,DeWalt,3120,64.49%,30.26%,(S),(S),2.31%,2.44%
10339,Dufrene,3115,93.58%,2.63%,0.35%,1.28%,1.03%,1.12%
10352,Duggins,3112,77.54%,17.77%,0.22%,0.55%,1.90%,2.02%
10382,Donohoe,3103,94.39%,(S),0.55%,(S),1.29%,3.71%
10405,Dahlgren,3096,95.03%,0.26%,0.39%,0.26%,1.42%,2.65%
10416,Diana,3090,74.34%,1.52%,5.53%,(S),(S),17.31%
10424,Dangerfield,3087,46.94%,48.07%,0.26%,0.78%,2.14%,1.81%
10434,Dineen,3083,95.95%,0.42%,0.52%,0.16%,0.81%,2.14%
10437,Dyess,3082,87.99%,7.98%,0.32%,0.29%,1.17%,2.24%
10459,Dittmer,3074,95.22%,0.26%,0.49%,0.62%,1.53%,1.89%
10459,Doria,3074,49.38%,(S),16.43%,(S),1.76%,31.13%
10478,Doud,3066,92.95%,0.85%,0.33%,1.73%,1.40%,2.74%
10487,DiPasquale,3060,95.33%,(S),0.42%,(S),0.72%,3.24%
10520,Dunkley,3049,43.92%,48.18%,0.56%,1.64%,2.49%,3.21%
10536,Duplessis,3044,57.00%,36.14%,0.39%,0.43%,1.97%,4.07%
10555,Dane,3036,87.91%,2.90%,4.28%,0.36%,1.65%,2.90%
10607,Dansby,3019,39.65%,52.77%,(S),(S),3.94%,2.35%
10607,Dryer,3019,88.04%,6.56%,0.79%,0.66%,1.32%,2.62%
10663,Dahlke,3000,95.03%,0.23%,0.90%,0.70%,1.50%,1.63%
10681,DiMartino,2993,94.12%,0.30%,0.74%,0.00%,0.80%,4.04%
10726,Deatherage,2978,89.46%,0.50%,0.84%,3.19%,2.89%,3.12%
10731,DeFilippo,2975,94.92%,0.24%,0.50%,0.20%,0.81%,3.33%
10787,DeFreitas,2957,60.09%,22.93%,(S),(S),4.87%,8.49%
10800,DeFazio,2952,94.92%,(S),0.68%,(S),0.98%,3.15%
10822,Dominique,2943,39.35%,53.11%,0.92%,0.27%,2.92%,3.43%
10835,DeRosier,2939,81.76%,12.73%,0.51%,0.95%,1.36%,2.69%
10837,DeLozier,2938,91.59%,(S),(S),2.96%,2.89%,1.94%
10866,DeSalvo,2932,94.78%,0.24%,0.61%,0.34%,0.82%,3.21%
10890,Divine,2926,84.07%,7.79%,2.39%,0.44%,1.74%,3.55%
10914,DuBay,2916,94.99%,0.21%,0.86%,0.65%,1.54%,1.75%
10919,Deyo,2915,91.42%,3.77%,0.41%,0.62%,1.78%,1.99%
10935,DeRouen,2911,74.00%,19.44%,0.34%,0.72%,2.65%,2.85%
10956,Demarest,2904,92.77%,1.17%,0.76%,0.24%,1.45%,3.62%
10968,Diener,2900,96.00%,(S),0.79%,(S),0.93%,1.90%
10998,Dittman,2892,92.19%,3.22%,0.73%,0.48%,0.83%,2.56%
11013,Deer,2888,75.00%,11.32%,1.45%,6.20%,3.22%,2.80%
11026,Donis,2884,19.97%,3.09%,0.97%,(S),(S),75.62%
11040,Damiano,2880,90.94%,(S),1.46%,(S),1.35%,5.83%
11051,Dabrowski,2877,96.80%,(S),0.35%,(S),0.83%,1.88%
11054,Doody,2876,93.92%,1.32%,(S),(S),1.18%,2.57%
11062,DeBolt,2872,94.81%,0.35%,0.66%,0.28%,1.50%,2.40%
11073,Dance,2869,65.84%,26.04%,1.22%,1.46%,2.20%,3.24%
11081,Deeds,2864,90.15%,4.71%,0.77%,0.28%,1.57%,2.51%
11103,Dearborn,2858,94.30%,2.06%,0.38%,0.17%,1.40%,1.68%
11122,Doman,2851,86.71%,6.52%,1.47%,0.18%,2.03%,3.09%
11127,DePina,2849,25.34%,56.97%,4.56%,0.81%,5.09%,7.23%
11168,Dewar,2833,77.73%,15.14%,2.26%,(S),(S),3.42%
11197,Domingues,2823,32.09%,1.17%,0.92%,0.78%,1.28%,63.76%
11216,Dennard,2819,33.35%,61.33%,0.39%,0.28%,1.88%,2.77%
11229,Dorfman,2814,95.38%,(S),0.57%,(S),0.64%,3.34%
11241,Doolin,2812,88.69%,5.16%,0.92%,0.32%,2.10%,2.81%
11248,Dillinger,2811,94.38%,1.32%,0.43%,0.57%,1.35%,1.96%
11283,DeMartino,2800,93.54%,(S),0.50%,(S),0.82%,4.57%
11302,DiPaolo,2794,93.27%,(S),0.61%,(S),0.86%,4.94%
11321,Dorton,2788,89.56%,7.03%,0.29%,0.39%,1.72%,1.00%
11327,Dunnigan,2786,75.95%,18.88%,0.54%,0.57%,2.33%,1.72%
11335,DeDios,2784,2.80%,0.36%,20.91%,2.01%,1.19%,72.74%
11355,Drost,2778,95.75%,0.18%,0.54%,0.25%,1.30%,1.98%
11415,DeFeo,2760,94.86%,(S),1.05%,(S),0.80%,3.08%
11474,Doney,2743,77.54%,2.11%,0.62%,13.67%,3.06%,2.99%
11484,DeCicco,2740,93.28%,0.36%,0.73%,0.00%,1.13%,4.49%
11493,Duffin,2738,84.08%,12.60%,(S),(S),1.21%,1.50%
11516,Dubin,2731,92.75%,0.66%,0.55%,0.22%,0.51%,5.31%
11524,DeLangel,2729,2.42%,0.33%,0.18%,(S),(S),96.92%
11529,Davisson,2728,95.60%,0.48%,0.59%,0.84%,1.32%,1.17%
11534,DeBose,2727,14.19%,79.13%,0.22%,0.37%,3.96%,2.13%
11543,DiCicco,2723,95.74%,(S),0.40%,(S),0.95%,2.46%
11555,Downie,2720,82.10%,12.13%,0.66%,0.18%,1.80%,3.13%
11560,DeHerrera,2719,16.00%,(S),(S),1.73%,0.51%,81.50%
11588,DiDomenico,2711,95.46%,0.37%,0.33%,0.18%,0.74%,2.91%
11597,DeForest,2707,92.80%,1.07%,0.74%,0.59%,1.81%,2.99%
11603,D'Alessio,2706,94.16%,(S),0.33%,(S),0.74%,4.47%
11603,Drane,2706,68.22%,25.91%,0.48%,0.48%,2.77%,2.14%
11605,Dahlstrom,2705,95.53%,0.26%,0.70%,0.30%,0.96%,2.26%
11644,Danford,2692,86.26%,7.84%,0.71%,2.27%,1.04%,1.89%
11653,Deardorff,2690,95.65%,(S),(S),1.00%,1.12%,1.49%
11659,DiSanto,2689,95.24%,0.63%,(S),(S),0.74%,2.83%
11663,DeShields,2688,30.58%,60.42%,0.19%,0.60%,4.28%,3.94%
11685,Dancer,2682,63.91%,28.82%,1.16%,1.34%,2.35%,2.42%
11697,Ditto,2679,87.50%,7.39%,(S),(S),1.75%,2.24%
11714,Dismuke,2676,37.37%,58.18%,0.19%,0.45%,1.79%,2.02%
11722,Dolce,2673,73.77%,19.75%,1.68%,0.19%,1.16%,3.44%
11736,Daw,2670,75.47%,6.37%,6.63%,7.00%,1.57%,2.96%
11739,DeGroat,2669,72.72%,8.13%,0.41%,7.76%,6.74%,4.23%
11767,DeAlba,2662,9.54%,0.19%,0.68%,(S),(S),89.33%
11767,Durocher,2662,91.59%,3.49%,0.60%,0.41%,1.39%,2.52%
11783,Deskins,2659,90.45%,4.81%,0.75%,0.19%,1.99%,1.81%
11807,Danis,2651,73.59%,19.39%,1.36%,0.45%,2.00%,3.21%
11843,DeMuth,2643,95.84%,0.19%,0.64%,0.23%,1.06%,2.04%
11846,Deemer,2642,92.43%,3.41%,(S),(S),1.40%,2.12%
11870,Douthit,2638,79.98%,13.00%,0.68%,1.82%,2.43%,2.08%
11890,DeFrancisco,2633,92.18%,0.34%,0.46%,0.00%,0.68%,6.34%
11894,DeMeo,2632,93.43%,0.53%,1.37%,0.19%,1.06%,3.42%
11899,DiGregorio,2631,94.68%,(S),0.46%,(S),0.80%,3.80%
11928,Drucker,2624,95.54%,(S),0.76%,(S),0.61%,2.63%
11946,DeSoto,2617,49.60%,0.84%,3.48%,1.76%,1.87%,42.45%
11982,Duerr,2607,95.63%,(S),1.34%,(S),1.69%,1.15%
11988,Doiron,2605,94.43%,0.92%,1.00%,0.50%,1.69%,1.46%
12005,DeCamp,2601,90.12%,2.65%,1.00%,0.58%,1.92%,3.73%
12009,Donlon,2600,93.81%,(S),2.00%,(S),1.19%,2.00%
12012,Dan,2599,48.40%,4.77%,26.74%,11.89%,4.12%,4.08%
12022,Detrick,2597,93.69%,1.54%,0.39%,0.39%,1.66%,2.35%
12101,Daniell,2575,89.20%,3.81%,1.13%,0.39%,1.48%,4.00%
12115,D'Antonio,2573,94.48%,0.39%,0.70%,0.00%,0.74%,3.69%
12136,Deras,2567,4.25%,0.97%,0.55%,(S),(S),94.00%
12148,Dempster,2565,84.41%,9.01%,0.94%,0.74%,1.68%,3.24%
12215,Degnan,2549,95.14%,0.35%,1.10%,0.35%,0.90%,2.16%
12231,Dumond,2544,87.30%,6.60%,0.59%,0.79%,2.20%,2.52%
12238,Doby,2542,50.20%,44.85%,(S),(S),2.64%,1.38%
12242,DeFranco,2541,90.71%,1.69%,(S),(S),1.30%,5.31%
12269,DiLeo,2535,93.96%,0.79%,(S),(S),0.51%,4.22%
12269,Drescher,2535,95.38%,0.24%,0.87%,0.20%,1.07%,2.25%
12285,Dolezal,2531,94.71%,0.40%,0.51%,0.83%,1.30%,2.25%
12296,Duley,2528,86.31%,6.49%,3.24%,0.51%,2.10%,1.34%
12312,Damm,2525,94.46%,0.67%,0.87%,0.44%,2.18%,1.39%
12323,Dendy,2523,60.13%,35.28%,0.24%,0.71%,2.06%,1.59%
12351,Dicken,2517,95.03%,1.67%,0.40%,0.48%,0.68%,1.75%
12351,Dunleavy,2517,95.71%,0.36%,0.64%,0.36%,0.87%,2.07%
12357,Demery,2516,26.63%,53.82%,0.28%,11.65%,4.09%,3.54%
12357,Desrochers,2516,94.36%,0.64%,0.52%,0.64%,2.03%,1.83%
12370,Dinwiddie,2514,76.17%,18.22%,0.44%,0.48%,2.19%,2.51%
12378,Doshi,2513,3.02%,0.44%,93.55%,0.44%,2.31%,0.24%
12389,DeMott,2511,92.99%,0.72%,0.44%,0.44%,2.47%,2.95%
12399,Dark,2507,63.66%,20.02%,11.57%,0.36%,1.44%,2.95%
12476,Deeter,2488,93.85%,0.96%,0.68%,0.20%,1.81%,2.49%
12520,Dampier,2475,67.15%,28.65%,(S),(S),2.18%,1.58%
12520,Dragon,2475,87.80%,4.65%,3.11%,0.20%,1.09%,3.15%
12536,Dahlin,2472,93.45%,0.40%,1.25%,0.32%,2.22%,2.35%
12536,DeVita,2472,91.50%,(S),0.97%,(S),1.17%,5.74%
12541,DeCesare,2470,95.43%,0.24%,0.24%,0.24%,1.01%,2.83%
12560,Dewees,2465,91.56%,3.65%,0.81%,0.37%,2.11%,1.50%
12576,Dennett,2462,82.13%,7.43%,0.57%,1.38%,1.83%,6.66%
12613,Durgin,2454,84.72%,8.64%,0.33%,0.77%,1.67%,3.87%
12627,Duell,2451,90.13%,5.75%,(S),(S),1.47%,2.08%
12659,DeGeorge,2443,95.29%,0.57%,(S),(S),0.74%,2.91%
12670,Dawley,2439,91.39%,3.81%,0.62%,0.57%,1.89%,1.72%
12689,DeRoche,2434,84.84%,6.45%,0.33%,5.09%,1.19%,2.10%
12715,Duclos,2428,84.06%,9.43%,0.78%,0.45%,1.32%,3.95%
12752,DeGraw,2420,94.13%,0.33%,0.50%,1.12%,1.49%,2.44%
12757,Drouin,2419,93.88%,1.28%,0.33%,0.21%,1.49%,2.81%
12766,DeFalco,2417,94.25%,0.25%,0.41%,0.00%,0.95%,4.14%
12807,D'Orazio,2408,94.85%,(S),0.71%,(S),1.41%,2.74%
12835,DiGirolamo,2399,94.25%,0.21%,0.42%,0.00%,1.04%,4.09%
12842,Dossett,2397,89.78%,5.42%,0.42%,0.83%,1.54%,2.00%
12856,Durazo,2395,7.18%,(S),0.46%,0.33%,(S),91.86%
12881,Dearth,2389,96.15%,0.54%,0.63%,0.29%,1.17%,1.21%
12897,Dedrick,2384,75.04%,17.87%,1.26%,0.42%,3.15%,2.27%
12916,Davids,2380,77.94%,11.05%,1.22%,3.91%,2.56%,3.32%
12921,Dry,2379,82.72%,5.34%,0.55%,7.44%,2.14%,1.81%
12986,Dade,2364,29.31%,62.69%,0.85%,0.55%,4.06%,2.54%
12986,Dowler,2364,93.53%,0.68%,0.59%,0.80%,1.86%,2.54%
12999,Diggins,2362,58.64%,35.27%,0.55%,0.30%,2.16%,3.09%
13007,DeArmas,2360,9.03%,1.99%,1.19%,(S),(S),87.67%
13091,DiMatteo,2343,93.34%,0.43%,(S),(S),0.68%,5.12%
13096,Dinkel,2342,95.39%,(S),0.60%,(S),1.15%,2.31%
13101,Delara,2340,9.91%,(S),19.40%,(S),2.01%,68.33%
13101,Drennen,2340,93.93%,2.18%,0.21%,0.21%,1.54%,1.92%
13115,Dowdle,2337,88.92%,5.78%,0.30%,0.68%,1.28%,3.04%
13153,DeFord,2327,92.39%,1.93%,0.34%,1.03%,1.25%,3.05%
13160,Dingus,2324,93.93%,1.85%,0.43%,0.39%,1.03%,2.37%
13166,Diederich,2322,96.30%,(S),0.56%,(S),1.21%,1.68%
13210,Dilts,2314,93.99%,0.39%,0.30%,0.91%,1.34%,3.07%
13219,Devitt,2312,93.17%,0.82%,0.82%,0.43%,2.08%,2.68%
13278,Deters,2297,96.82%,0.57%,(S),(S),0.87%,1.26%
13297,DeVane,2294,74.37%,18.79%,2.31%,(S),(S),2.70%
13360,DeGennaro,2281,93.34%,0.31%,0.75%,0.44%,1.05%,4.12%
13360,Delamora,2281,4.73%,0.26%,(S),(S),0.48%,94.30%
13360,Deshpande,2281,1.49%,(S),97.19%,(S),1.05%,(S)
13397,Deckert,2274,94.77%,0.70%,0.53%,0.22%,1.19%,2.59%
13407,DeGraff,2273,87.46%,6.16%,0.66%,0.70%,1.50%,3.52%
13413,DiMauro,2272,95.86%,(S),0.62%,(S),1.06%,2.16%
13413,Dimick,2272,94.06%,0.53%,0.31%,0.97%,0.88%,3.26%
13418,Dehn,2271,93.57%,1.50%,0.88%,0.48%,1.14%,2.42%
13418,DiBella,2271,93.09%,0.53%,(S),(S),1.01%,4.89%
13466,Draeger,2261,94.78%,0.44%,0.44%,0.53%,0.97%,2.83%
13502,DeLima,2248,52.14%,5.16%,15.04%,0.62%,7.47%,19.57%
13506,Dekker,2246,93.81%,0.22%,0.58%,0.40%,1.65%,3.34%
13506,Diop,2246,2.72%,91.23%,(S),(S),4.32%,1.38%
13517,Dockter,2244,96.39%,0.27%,(S),(S),0.80%,2.23%
13531,Dimond,2242,92.82%,2.05%,1.03%,0.58%,1.69%,1.83%
13572,Dreiling,2234,93.87%,0.31%,0.67%,0.40%,0.94%,3.80%
13583,Dombroski,2232,96.73%,(S),0.63%,(S),0.58%,1.93%
13597,DeLancey,2229,89.73%,6.24%,0.22%,0.27%,1.48%,2.06%
13600,DeArmond,2228,83.89%,7.14%,0.58%,1.03%,2.02%,5.34%
13600,Delph,2228,85.68%,9.83%,0.27%,0.40%,2.20%,1.62%
13674,Domino,2214,65.36%,27.60%,(S),(S),1.85%,3.93%
13721,DeLoatch,2206,5.39%,88.71%,(S),(S),3.31%,2.31%
13752,DeVos,2200,94.95%,0.36%,0.82%,0.27%,1.00%,2.59%
13775,Desiderio,2196,59.20%,0.41%,4.92%,5.60%,0.77%,29.10%
13786,Decoteau,2194,39.56%,14.72%,0.46%,38.15%,4.28%,2.83%
13815,Didier,2188,88.57%,6.17%,0.46%,0.73%,1.51%,2.56%
13815,Dittmar,2188,94.61%,(S),0.59%,(S),1.87%,2.33%
13830,Draughn,2186,54.94%,41.13%,0.23%,0.46%,2.06%,1.19%
13850,Dahlquist,2182,94.59%,0.32%,1.01%,0.27%,1.70%,2.11%
13862,Driggs,2180,85.28%,3.03%,0.96%,1.70%,1.28%,7.75%
13867,DeWolf,2179,93.71%,(S),(S),0.64%,2.39%,2.71%
13893,DeMatteo,2173,94.62%,(S),(S),0.37%,1.29%,3.36%
13916,Dycus,2170,87.79%,6.54%,0.83%,0.37%,2.21%,2.26%
13922,Dula,2169,56.57%,35.78%,2.54%,(S),3.46%,(S)
13933,Dengler,2167,95.66%,0.23%,0.78%,0.00%,1.34%,1.98%
13938,Duplantis,2166,92.20%,2.31%,(S),1.71%,(S),2.17%
13955,Dacus,2162,83.35%,11.38%,1.30%,0.37%,1.80%,1.80%
13964,DiBiase,2160,96.02%,0.60%,0.74%,(S),(S),1.99%
13991,Diemer,2154,96.47%,1.07%,0.37%,0.00%,1.02%,1.07%
14006,Dingess,2150,95.40%,1.91%,(S),(S),1.53%,0.79%
14025,Dorner,2148,90.64%,4.33%,(S),(S),1.63%,2.65%
