Rank,Name,Count,White,Black,API,AIAN,2+ Races,Hispanic
38,Nguyễn,437645,0.95%,0.12%,96.45%,0.03%,1.83%,0.63%
43,Nelson,424958,77.66%,15.97%,0.67%,1.16%,2.00%,2.55%
189,Nichols,145584,82.42%,11.88%,0.52%,0.76%,1.99%,2.43%
242,Nuñez,125350,5.28%,0.67%,0.83%,0.26%,0.23%,92.72%
307,Newman,101931,83.03%,11.08%,0.61%,0.69%,1.99%,2.60%
315,Navarro,99807,6.66%,0.38%,4.04%,0.23%,0.55%,88.14%
337,Neal,91694,62.10%,31.84%,0.60%,0.68%,2.61%,2.16%
346,Norris,89796,79.88%,14.41%,0.52%,0.94%,2.04%,2.20%
443,Newton,74092,75.66%,18.42%,0.62%,0.68%,2.05%,2.56%
495,Norman,67704,68.97%,25.07%,0.63%,0.63%,2.25%,2.44%
531,Norton,63722,87.84%,6.55%,0.55%,1.19%,1.75%,2.12%
569,Nash,58714,69.34%,24.62%,0.53%,0.80%,2.43%,2.29%
575,Nicholson,58151,74.25%,19.89%,0.54%,0.62%,2.15%,2.54%
754,Nolan,46054,86.85%,7.44%,0.58%,0.56%,1.66%,2.91%
810,Nielsen,42773,94.15%,0.35%,0.88%,0.41%,1.50%,2.71%
829,Noble,41667,77.69%,14.40%,1.65%,0.74%,2.12%,3.40%
874,Nava,39670,4.48%,0.27%,1.08%,0.22%,0.20%,93.76%
907,Nixon,38147,62.04%,31.59%,0.57%,0.72%,2.51%,2.57%
980,Novak,35461,95.47%,0.33%,0.70%,0.21%,1.07%,2.23%
1004,Nieves,34896,5.66%,1.14%,0.61%,0.09%,0.21%,92.28%
1062,Ngo,33005,0.92%,(S),96.46%,(S),1.69%,0.65%
1064,Newell,32909,79.08%,15.28%,0.61%,0.77%,1.85%,2.41%
1103,Noel,31768,59.83%,33.62%,0.92%,0.52%,1.74%,3.37%
1125,Ng,31210,1.92%,0.22%,93.20%,0.04%,2.81%,1.81%
1258,Nicholas,27922,73.29%,17.12%,1.22%,1.73%,2.40%,4.24%
1376,Nieto,25701,7.32%,0.19%,0.91%,0.93%,0.34%,90.31%
1438,Nix,24786,81.05%,13.29%,0.44%,0.84%,2.07%,2.31%
1471,Navarrete,24259,3.35%,0.22%,1.45%,0.07%,0.17%,94.74%
1487,Nance,24018,71.75%,22.71%,0.47%,0.67%,2.16%,2.24%
1491,Newsome,23958,57.53%,37.88%,0.32%,0.30%,2.12%,1.85%
1502,Neely,23843,71.21%,23.81%,0.47%,0.39%,2.23%,1.90%
1577,Neff,22764,94.78%,1.02%,0.67%,0.42%,1.33%,1.79%
1596,Norwood,22461,52.53%,41.38%,0.41%,0.65%,2.70%,2.33%
1766,North,20343,85.18%,9.43%,0.67%,0.62%,1.84%,2.26%
1872,Napier,19182,84.30%,10.94%,0.50%,0.46%,1.92%,1.88%
1902,Nowak,18891,96.12%,0.39%,0.56%,0.14%,0.72%,2.08%
1963,Negrón,18413,7.05%,1.19%,0.26%,0.10%,0.34%,91.06%
1971,Najera,18340,3.66%,0.27%,0.61%,0.28%,0.24%,94.95%
2067,Neumann,17484,94.80%,0.34%,0.72%,0.30%,1.16%,2.68%
2164,Nunn,16769,67.43%,25.77%,0.79%,0.77%,2.73%,2.51%
2169,Naylor,16745,82.50%,12.19%,0.54%,0.59%,1.93%,2.25%
2188,Nevarez,16607,4.50%,0.18%,0.19%,0.45%,0.22%,94.46%
2281,Nugent,15977,87.76%,6.53%,1.03%,0.33%,1.70%,2.65%
2283,Nickerson,15970,76.02%,17.98%,0.49%,0.65%,2.10%,2.76%
2328,Naranjo,15658,5.45%,0.20%,0.51%,1.97%,0.29%,91.58%
2354,Nagy,15497,95.36%,0.38%,0.61%,0.20%,0.99%,2.46%
2384,Negrete,15245,5.07%,0.12%,0.21%,0.16%,0.17%,94.27%
2477,Noriega,14559,5.78%,0.69%,1.88%,0.81%,0.27%,90.57%
2480,Nagel,14545,94.79%,0.33%,0.86%,0.50%,1.14%,2.38%
2534,Newcomb,14292,92.69%,1.84%,0.75%,0.61%,2.00%,2.11%
2675,Newberry,13482,86.21%,8.59%,0.65%,0.52%,1.92%,2.11%
2711,Noonan,13286,94.90%,0.84%,0.59%,0.24%,1.16%,2.26%
2717,Nesbitt,13248,59.74%,35.03%,0.54%,0.35%,2.23%,2.11%
2782,Nobles,12965,64.09%,28.95%,0.62%,0.52%,2.25%,3.56%
2929,Nadeau,12236,92.55%,0.42%,0.43%,3.02%,2.02%,1.57%
2942,Nunes,12191,69.95%,5.41%,1.57%,0.30%,2.68%,20.09%
2952,Nye,12167,93.79%,0.86%,1.13%,0.59%,1.50%,2.14%
3011,New,11903,88.62%,4.39%,1.49%,0.86%,1.82%,2.82%
3053,Neville,11739,84.36%,10.89%,0.69%,0.41%,1.55%,2.10%
3102,Nolasco,11609,3.85%,0.33%,5.31%,0.11%,0.49%,89.91%
3137,Nielson,11511,93.88%,0.78%,0.72%,0.58%,1.43%,2.60%
3148,Newby,11483,70.63%,23.76%,0.57%,0.66%,2.28%,2.10%
3198,Nettles,11302,57.08%,38.30%,0.36%,0.40%,1.94%,1.92%
3218,Newsom,11218,75.31%,18.24%,0.63%,0.84%,2.27%,2.71%
3224,Niño,11202,8.37%,0.54%,1.99%,0.27%,0.38%,88.45%
3229,Noe,11182,90.87%,0.78%,1.82%,0.55%,1.71%,4.27%
3272,Ness,11037,93.88%,0.85%,1.00%,0.73%,1.61%,1.93%
3289,Needham,10983,90.39%,3.48%,0.97%,1.40%,1.53%,2.23%
3292,Nagle,10963,93.53%,0.69%,2.13%,0.20%,1.35%,2.10%
3315,Nolen,10820,78.19%,16.42%,0.59%,0.53%,2.17%,2.10%
3363,Newkirk,10620,60.99%,33.74%,0.39%,0.49%,2.29%,2.11%
3373,Narváez,10579,5.13%,0.62%,3.02%,0.10%,0.45%,90.66%
3442,Noll,10374,95.27%,0.75%,0.53%,0.28%,0.97%,2.20%
3496,Neil,10228,80.09%,13.68%,1.15%,0.46%,2.12%,2.49%
3511,Niles,10173,77.40%,16.01%,0.88%,0.46%,2.01%,3.23%
3562,Nilson,10010,66.04%,27.47%,0.69%,0.93%,2.28%,2.59%
3666,Noyes,9710,93.29%,0.69%,0.79%,0.73%,1.65%,2.85%
3768,Neill,9404,93.12%,1.01%,0.70%,0.40%,1.84%,2.92%
3772,Noland,9386,84.65%,8.98%,0.67%,0.80%,2.07%,2.83%
3816,Neeley,9288,84.86%,9.21%,0.52%,1.03%,2.19%,2.20%
3936,Nunley,9046,76.11%,17.91%,0.21%,0.96%,2.66%,2.14%
3951,Nicolas,9006,18.00%,25.73%,17.73%,0.26%,2.74%,35.54%
3957,Neuman,8982,93.43%,1.18%,0.67%,0.45%,1.47%,2.81%
4241,Németh,8362,95.20%,0.32%,0.48%,0.07%,1.27%,2.65%
4284,Nathan,8300,56.87%,27.13%,9.46%,0.72%,2.95%,2.87%
4291,Nickel,8292,95.30%,0.62%,0.55%,0.48%,1.34%,1.71%
4368,Nutter,8137,89.11%,6.27%,0.48%,0.66%,1.61%,1.87%
4394,Neri,8094,31.96%,0.57%,6.29%,0.17%,1.24%,59.77%
4454,Nall,7966,83.81%,10.52%,0.80%,0.70%,1.97%,2.20%
4633,Nakamura,7658,6.48%,0.21%,78.87%,0.22%,11.20%,3.02%
4706,Nutt,7541,88.34%,6.21%,1.10%,0.70%,1.64%,2.00%
4719,Nair,7513,10.29%,1.14%,84.17%,0.48%,3.26%,0.65%
4735,Newland,7491,88.37%,6.75%,0.68%,0.35%,1.62%,2.23%
4833,Nelms,7303,74.75%,20.18%,0.45%,0.41%,1.71%,2.49%
4887,Neel,7209,92.90%,1.25%,0.94%,1.12%,1.32%,2.47%
4910,Null,7170,93.58%,2.09%,0.56%,0.43%,1.35%,1.98%
4917,Napolitano,7153,93.26%,0.32%,0.73%,0.14%,1.17%,4.38%
4936,Nail,7133,86.74%,5.40%,0.98%,2.33%,2.07%,2.48%
4940,Nation,7125,79.14%,13.21%,1.40%,1.54%,2.30%,2.40%
4955,Nesmith,7097,51.87%,41.41%,0.59%,0.44%,1.82%,3.87%
5128,Nelsen,6825,94.97%,0.57%,0.59%,0.28%,1.35%,2.24%
5216,Nowlin,6692,70.64%,21.77%,0.55%,1.11%,2.99%,2.94%
5258,Nazario,6636,8.42%,1.42%,2.03%,(S),(S),87.28%
5270,Novotný,6617,96.31%,0.38%,0.29%,0.35%,1.03%,1.65%
5319,Neilson,6553,92.34%,2.43%,0.61%,0.56%,1.71%,2.35%
5348,Nuño,6506,4.26%,0.65%,0.38%,0.18%,0.18%,94.34%
5377,Newhouse,6471,88.44%,7.29%,0.56%,0.25%,1.70%,1.76%
5569,Nam,6244,3.33%,0.98%,92.87%,0.08%,1.76%,0.98%
5624,Nolte,6180,94.98%,0.37%,0.63%,0.23%,1.23%,2.56%
5633,Northcutt,6170,87.15%,6.92%,0.57%,0.91%,1.56%,2.90%
5676,Nowell,6112,76.77%,17.15%,0.74%,0.56%,2.00%,2.80%
5727,Nowicki,6056,96.12%,0.13%,0.51%,0.40%,1.02%,1.82%
5738,Nason,6040,85.68%,7.90%,1.19%,1.31%,2.22%,1.71%
5848,Neubauer,5911,95.23%,0.22%,0.80%,0.36%,0.96%,2.44%
5894,Nickell,5855,94.19%,0.63%,0.34%,0.91%,1.50%,2.43%
5903,Nester,5847,94.58%,1.52%,0.44%,0.63%,0.96%,1.86%
6008,Nestor,5723,82.28%,6.71%,0.89%,0.10%,1.29%,8.72%
6010,Nicholls,5722,84.06%,8.63%,0.70%,0.72%,1.28%,4.61%
6017,Nabors,5718,70.64%,24.29%,0.30%,0.63%,2.43%,1.71%
6057,Northrup,5663,92.23%,0.72%,0.65%,2.07%,2.14%,2.19%
6188,Natale,5529,94.16%,(S),0.69%,(S),1.39%,3.17%
6220,Nordstrom,5498,95.22%,0.24%,0.67%,0.44%,1.40%,2.04%
6379,Neese,5335,93.89%,0.88%,0.54%,0.58%,1.71%,2.40%
6384,Noah,5332,80.70%,7.80%,2.16%,3.81%,2.19%,3.34%
6448,Naughton,5264,92.33%,2.68%,1.12%,0.30%,1.39%,2.18%
6449,Newcomer,5263,94.83%,0.30%,0.78%,0.40%,1.65%,2.03%
6598,Nalley,5134,91.12%,4.07%,0.58%,0.45%,1.58%,2.20%
6608,Napoli,5127,93.97%,0.35%,0.57%,0.12%,0.90%,4.10%
6688,Nevins,5052,86.44%,8.25%,0.83%,0.46%,1.58%,2.43%
6729,Nicol,5012,90.08%,3.57%,0.86%,0.68%,1.68%,3.13%
6748,Neves,4997,75.55%,7.20%,2.88%,0.48%,4.18%,9.71%
6796,Nissen,4964,95.00%,0.22%,0.99%,0.22%,1.31%,2.26%
6809,Navas,4953,13.02%,0.87%,1.45%,0.18%,0.55%,83.93%
6814,Nickels,4949,91.98%,4.14%,0.63%,0.40%,1.03%,1.82%
6819,Nave,4946,82.43%,7.74%,2.20%,1.09%,2.55%,3.98%
6857,Nieman,4907,95.37%,0.41%,0.51%,0.35%,0.94%,2.43%
6926,Neary,4844,95.33%,0.97%,0.62%,0.12%,1.22%,1.73%
6948,Nez,4827,2.22%,0.23%,0.10%,92.13%,2.28%,3.05%
6949,Nay,4826,80.11%,4.16%,9.86%,0.77%,1.86%,3.23%
6969,Neighbors,4814,88.80%,5.96%,0.39%,1.20%,2.12%,1.52%
6998,Nicely,4789,88.45%,6.49%,0.65%,0.50%,2.11%,1.80%
7016,Nigro,4773,93.71%,0.31%,0.94%,0.19%,1.30%,3.54%
7021,Nesbit,4765,67.01%,26.09%,0.92%,0.65%,2.60%,2.73%
7128,Newson,4693,21.93%,71.85%,0.28%,0.26%,3.22%,2.47%
7160,Nasser,4673,79.26%,3.00%,4.71%,0.19%,7.38%,5.46%
7204,Nord,4635,87.81%,6.08%,1.17%,0.43%,1.34%,3.17%
7205,Nickles,4634,77.60%,15.32%,0.45%,0.82%,2.14%,3.67%
7217,Ni,4624,1.92%,(S),94.90%,(S),1.41%,1.15%
7230,Naquin,4617,82.39%,2.45%,0.26%,10.35%,2.84%,1.71%
7255,Nightingale,4596,89.06%,5.48%,0.52%,0.35%,1.85%,2.74%
7426,Nealy,4485,36.01%,57.97%,0.18%,0.42%,3.26%,2.16%
7666,Niemeyer,4332,95.18%,0.23%,0.78%,0.12%,1.22%,2.47%
7684,Nussbaum,4321,96.81%,0.28%,0.62%,0.16%,1.13%,1.00%
7756,Novoa,4281,7.10%,0.23%,0.35%,(S),(S),92.15%
7759,Noyola,4279,3.39%,0.42%,0.21%,0.19%,0.14%,95.65%
7767,Niemi,4272,94.73%,0.26%,0.51%,0.84%,1.83%,1.83%
7787,Nero,4259,49.21%,42.17%,1.20%,0.45%,3.29%,3.69%
7816,Newport,4235,91.71%,2.83%,0.76%,0.94%,1.72%,2.03%
7885,Natividad,4198,5.31%,0.43%,40.02%,0.24%,3.67%,50.33%
7908,Niemann,4184,95.55%,0.19%,0.53%,0.24%,0.88%,2.61%
7926,Newlin,4175,92.48%,2.23%,0.60%,0.98%,1.56%,2.16%
7933,Neu,4170,94.08%,0.50%,1.77%,0.31%,1.18%,2.16%
7944,Nottingham,4165,82.47%,11.74%,0.55%,0.84%,2.14%,2.26%
7956,Nilsen,4158,93.72%,0.29%,0.91%,0.29%,1.39%,3.39%
7958,Nipper,4157,91.15%,4.40%,0.75%,0.65%,1.37%,1.68%
7988,Norfleet,4139,38.10%,56.10%,0.68%,0.34%,2.88%,1.91%
8030,Nystrom,4122,94.83%,0.41%,0.68%,0.53%,1.89%,1.65%
8168,Nunnally,4058,63.36%,30.93%,0.57%,0.39%,2.61%,2.14%
8305,Northrop,3990,94.36%,1.10%,0.60%,0.20%,1.53%,2.21%
8599,Neale,3828,84.09%,9.74%,0.71%,0.71%,1.88%,2.87%
8695,Nicks,3775,68.05%,26.99%,0.53%,0.19%,1.99%,2.25%
8713,Neiman,3766,94.37%,0.64%,0.80%,0.19%,1.25%,2.76%
8714,Nuss,3765,95.94%,0.66%,0.56%,0.13%,1.09%,1.62%
8787,Nyberg,3732,93.92%,0.19%,1.02%,0.59%,2.09%,2.20%
8808,Nowakowski,3717,96.39%,0.19%,0.59%,0.16%,1.24%,1.43%
8817,Norvell,3713,79.69%,14.11%,0.43%,0.78%,1.70%,3.29%
8936,Nickelson,3664,76.09%,18.72%,0.76%,0.44%,2.13%,1.86%
8981,Northern,3643,56.27%,39.12%,0.36%,0.25%,2.47%,1.54%
9001,Nolt,3634,98.87%,0.22%,(S),(S),0.44%,0.28%
9050,Nations,3610,92.71%,0.75%,0.66%,1.50%,2.22%,2.16%
9090,Nice,3595,93.63%,1.42%,0.61%,0.22%,1.59%,2.53%
9100,Nick,3590,76.27%,10.31%,1.59%,7.13%,1.59%,3.12%
9311,Nauman,3497,93.19%,0.26%,3.12%,0.63%,0.94%,1.86%
9320,Niehaus,3493,97.28%,(S),0.43%,(S),0.69%,1.29%
9334,Navarrette,3489,11.21%,0.43%,0.26%,0.43%,0.40%,87.27%
9473,Noon,3433,81.65%,4.34%,6.70%,1.72%,2.18%,3.41%
9503,Naugle,3420,94.39%,1.61%,0.35%,0.32%,1.20%,2.13%
9603,Newbold,3384,82.48%,12.03%,0.56%,0.44%,1.63%,2.87%
9621,Nassar,3377,80.96%,2.64%,2.22%,0.27%,4.26%,9.65%
9669,Naumann,3356,95.41%,0.15%,0.48%,0.48%,1.58%,1.91%
9701,Neufeld,3344,93.78%,0.39%,0.42%,0.45%,0.78%,4.19%
9727,Nevels,3335,42.04%,51.36%,0.30%,0.39%,3.66%,2.25%
9754,Nichol,3323,91.33%,3.55%,0.60%,0.36%,1.75%,2.41%
9810,Noto,3300,91.64%,(S),2.18%,(S),0.97%,4.27%
9821,Najar,3296,17.29%,0.24%,0.67%,0.64%,0.88%,80.28%
9848,Ney,3285,91.75%,0.79%,2.68%,0.33%,1.46%,2.98%
9884,Nuttall,3271,93.49%,2.20%,0.83%,0.55%,1.28%,1.65%
9940,Nickens,3246,43.19%,48.46%,0.37%,0.65%,4.44%,2.90%
9940,Normand,3246,91.93%,3.76%,0.52%,0.55%,0.99%,2.25%
9969,Nace,3235,95.33%,1.27%,0.49%,0.49%,1.30%,1.11%
10001,Nilsson,3223,93.05%,0.50%,1.09%,0.19%,1.68%,3.51%
10075,Nemec,3199,95.50%,0.16%,0.41%,0.63%,1.06%,2.25%
10095,Natal,3190,15.61%,2.35%,7.08%,0.47%,1.07%,73.42%
10125,Noles,3183,90.07%,4.81%,0.31%,0.53%,1.41%,2.86%
10140,Nardone,3180,95.60%,(S),0.38%,(S),0.63%,3.11%
10180,Nyman,3168,93.69%,1.48%,0.98%,0.47%,1.61%,1.77%
10243,Nardi,3147,91.10%,0.89%,1.49%,0.35%,1.27%,4.89%
10391,Nevin,3101,92.52%,1.42%,1.26%,0.58%,1.58%,2.64%
10528,Naik,3047,3.12%,0.30%,93.57%,0.39%,2.23%,0.39%
10563,Nadler,3034,95.55%,0.63%,(S),(S),1.32%,1.94%
10582,Navarre,3030,81.09%,9.37%,0.99%,0.36%,2.21%,5.97%
10603,Nau,3020,78.54%,7.12%,8.18%,(S),(S),3.84%
10603,Nellis,3020,90.93%,2.68%,0.83%,0.43%,1.75%,3.38%
10663,Nee,3000,78.97%,0.53%,15.20%,0.27%,3.30%,1.73%
10683,Norcross,2992,92.05%,0.33%,0.70%,3.28%,1.54%,2.11%
10717,Nicoletti,2981,94.46%,0.37%,(S),(S),0.50%,4.23%
10829,Nault,2941,88.95%,0.78%,1.05%,2.58%,2.01%,4.62%
10886,Nova,2928,20.59%,0.82%,2.66%,0.65%,0.68%,74.59%
10964,Neace,2901,95.55%,0.72%,(S),(S),1.17%,1.96%
10987,Nicosia,2894,94.23%,0.66%,0.38%,0.00%,0.83%,3.90%
11168,Nader,2833,83.30%,3.07%,(S),(S),3.42%,8.33%
11179,Nascimento,2829,76.74%,10.18%,2.76%,0.32%,3.32%,6.68%
11196,Nally,2824,95.15%,0.99%,0.64%,0.53%,1.49%,1.20%
11209,Noone,2820,90.00%,2.77%,2.09%,0.25%,1.45%,3.44%
11216,Napper,2819,57.57%,37.96%,0.25%,0.32%,1.99%,1.92%
11216,Norberg,2819,94.93%,0.89%,0.71%,0.32%,1.21%,1.95%
11327,Nurse,2786,21.18%,69.02%,(S),(S),2.30%,7.00%
11335,Napoles,2784,4.85%,(S),4.67%,(S),0.50%,89.62%
11368,Nunnery,2775,68.04%,26.92%,0.25%,0.43%,1.95%,2.41%
11371,Narcisse,2774,3.46%,89.62%,(S),(S),3.17%,3.24%
11443,Nygaard,2752,94.33%,(S),1.45%,(S),1.31%,2.11%
11576,Nusbaum,2716,94.96%,(S),0.70%,(S),1.66%,2.21%
11631,Novick,2695,94.99%,(S),0.74%,(S),1.45%,2.15%
11659,Novack,2689,94.98%,0.22%,0.74%,0.30%,0.97%,2.79%
11672,Northup,2686,90.06%,0.78%,0.67%,2.05%,1.94%,4.50%
11746,Nitz,2667,95.01%,0.52%,0.82%,0.34%,1.46%,1.84%
11783,Nuckols,2659,90.56%,5.90%,0.49%,0.26%,1.84%,0.94%
11818,Nalls,2648,38.75%,56.00%,0.72%,0.26%,2.34%,1.93%
11846,Nordin,2642,91.75%,1.02%,1.36%,1.40%,1.63%,2.84%
11928,Napoleon,2624,31.67%,42.91%,5.72%,3.05%,7.51%,9.15%
11957,Narayan,2614,4.06%,1.53%,80.30%,0.27%,12.70%,1.15%
12033,Nimmo,2594,91.06%,4.16%,0.73%,0.73%,1.93%,1.39%
12064,Nott,2585,91.57%,1.32%,1.47%,0.89%,2.55%,2.21%
12124,Naber,2571,93.04%,(S),1.21%,(S),1.94%,3.11%
12127,Nath,2570,33.89%,3.27%,55.29%,(S),5.25%,(S)
12156,Noack,2563,93.60%,0.78%,0.78%,0.23%,1.33%,3.28%
12192,Noor,2555,17.03%,35.69%,39.96%,(S),6.14%,(S)
12208,Nawrocki,2551,96.16%,(S),0.55%,(S),0.74%,2.20%
12421,Nicoll,2503,91.81%,0.64%,0.44%,0.72%,1.64%,4.75%
12429,Nolin,2500,92.96%,2.04%,(S),(S),1.04%,2.96%
12454,Neubert,2492,94.90%,0.40%,0.60%,0.32%,1.85%,1.93%
12460,Ndiaye,2491,2.29%,93.86%,(S),(S),2.45%,1.08%
12566,Naples,2463,92.08%,2.44%,1.46%,(S),(S),2.64%
12696,Nakagawa,2431,4.90%,(S),80.46%,(S),11.48%,2.96%
12720,Noh,2427,3.63%,(S),88.17%,(S),1.85%,5.64%
12732,Nishimura,2424,5.90%,(S),78.38%,(S),12.00%,3.55%
12837,Neer,2398,94.20%,0.71%,1.38%,0.67%,1.00%,2.04%
13073,Nutting,2349,93.23%,0.89%,0.85%,0.64%,1.79%,2.60%
13160,Neuhaus,2324,94.06%,(S),0.73%,(S),1.38%,3.36%
13171,Nies,2321,95.22%,0.56%,0.69%,0.22%,0.99%,2.33%
13267,Norby,2299,93.30%,(S),1.57%,(S),1.87%,2.48%
13291,Norsworthy,2295,86.49%,9.50%,(S),(S),1.00%,2.53%
13300,Niemiec,2293,96.73%,(S),0.31%,(S),1.18%,1.66%
13306,Nappi,2292,95.38%,(S),0.44%,(S),0.70%,2.92%
13344,Nickson,2285,36.85%,56.81%,(S),(S),3.28%,2.45%
13370,Nanney,2279,95.35%,0.75%,0.66%,0.35%,1.32%,1.58%
13413,Nebel,2272,92.74%,1.32%,0.62%,0.79%,1.06%,3.48%
13472,Nease,2259,94.78%,1.11%,0.66%,0.71%,1.24%,1.51%
13494,Nantz,2251,83.92%,(S),1.73%,(S),1.42%,12.53%
13502,Nehring,2248,95.20%,0.31%,0.58%,0.36%,1.07%,2.49%
13509,Northington,2245,50.38%,43.39%,0.36%,0.45%,3.30%,2.14%
13551,Noguera,2237,8.58%,1.79%,4.96%,0.00%,0.89%,83.77%
13583,Nakano,2232,7.84%,(S),79.39%,(S),8.78%,3.58%
13798,Nock,2191,68.10%,26.38%,0.68%,0.59%,2.60%,1.64%
13815,Narayanan,2188,2.38%,0.46%,95.29%,(S),1.37%,(S)
13834,Nasir,2185,18.95%,14.28%,59.73%,0.27%,5.17%,1.60%
13834,Nickle,2185,89.84%,5.22%,0.64%,0.69%,1.56%,2.06%
13903,Nordquist,2172,95.21%,0.23%,0.74%,0.32%,1.47%,2.03%
13997,Nealon,2153,89.41%,5.43%,1.02%,0.37%,0.84%,2.93%
14046,Nicastro,2144,93.84%,0.56%,(S),(S),0.51%,4.43%
14139,Neira,2125,12.19%,0.28%,0.38%,(S),(S),86.87%
14201,Neher,2114,91.86%,0.76%,1.89%,0.80%,2.55%,2.13%
14227,Nicodemus,2108,91.70%,0.81%,3.27%,0.47%,1.19%,2.56%
14274,Nicolosi,2098,95.00%,(S),(S),(S),1.05%,3.43%
14316,Nettleton,2090,94.45%,0.53%,0.57%,0.86%,1.67%,1.91%
14338,Neece,2087,94.83%,1.20%,0.43%,0.29%,1.10%,2.16%
14378,Nell,2079,84.85%,7.65%,0.87%,0.29%,1.39%,4.95%
14409,Norden,2074,91.90%,2.84%,1.45%,0.34%,0.96%,2.51%
14489,Nass,2060,95.49%,0.73%,0.78%,0.29%,1.02%,1.70%
14528,Neitzel,2052,95.76%,0.29%,0.58%,0.44%,1.32%,1.61%
14564,Natoli,2046,95.45%,(S),0.78%,(S),0.68%,2.49%
14656,Newberg,2030,93.74%,0.69%,0.54%,0.59%,2.22%,2.22%
14706,Nuzzo,2021,94.51%,(S),0.84%,(S),1.14%,3.32%
14734,Nicolai,2017,87.31%,0.40%,0.50%,6.89%,1.34%,3.57%
14761,Natarajan,2012,3.03%,(S),94.18%,0.30%,2.19%,(S)
14803,Nazarian,2004,91.32%,0.30%,0.35%,0.00%,5.54%,2.50%
14838,Newbury,1997,93.19%,0.80%,0.60%,0.45%,1.90%,3.05%
14933,Nisbet,1982,94.20%,(S),1.21%,(S),1.41%,2.17%
14986,Netherton,1972,95.99%,(S),(S),0.61%,1.22%,1.67%
14991,Nicola,1971,85.84%,1.93%,0.71%,0.66%,1.57%,9.28%
15005,Nicklas,1968,94.41%,0.71%,(S),(S),0.86%,3.46%
15074,Nogueira,1957,69.70%,3.17%,2.81%,(S),(S),22.94%
15080,Normandin,1956,92.33%,(S),0.72%,(S),1.84%,4.50%
15127,Narciso,1949,31.66%,(S),29.86%,(S),2.00%,35.30%
15217,Nathanson,1936,95.92%,(S),0.88%,(S),1.03%,2.07%
15238,Nayak,1930,2.90%,0.26%,93.73%,0.31%,2.18%,0.62%
15278,Naqvi,1922,4.79%,(S),89.23%,(S),4.37%,0.88%
15303,Nokes,1918,87.90%,5.84%,0.68%,0.68%,2.40%,2.50%
15328,Nigh,1913,92.58%,1.73%,0.73%,0.89%,1.83%,2.25%
15340,Nale,1912,89.17%,4.39%,2.46%,0.68%,1.62%,1.67%
15527,Noren,1885,92.10%,1.64%,1.27%,0.32%,1.17%,3.50%
15625,Nivens,1870,71.28%,23.16%,0.37%,0.32%,2.25%,2.62%
15673,Noell,1862,83.94%,9.83%,(S),(S),2.63%,2.15%
15692,Nathaniel,1859,14.79%,63.96%,6.94%,3.60%,5.97%,4.73%
15712,Neuenschwander,1856,96.93%,(S),0.59%,(S),0.81%,1.51%
15777,Noffsinger,1847,95.07%,(S),0.65%,(S),1.79%,1.89%
15806,Navarra,1842,69.60%,(S),13.03%,(S),1.63%,15.20%
15827,Nañez,1839,6.25%,(S),1.96%,0.76%,(S),90.65%
15857,Nur,1835,4.52%,84.47%,7.08%,0.33%,2.34%,1.25%
15912,Nakata,1826,9.64%,(S),74.53%,(S),11.83%,3.94%
16018,Norrell,1812,85.04%,9.55%,0.99%,0.39%,1.55%,2.48%
16295,Nakamoto,1770,4.75%,(S),73.22%,(S),15.82%,6.10%
16295,Nims,1770,83.05%,11.98%,0.62%,0.45%,1.58%,2.32%
16349,Near,1762,90.86%,2.16%,2.61%,0.28%,0.74%,3.35%
16395,Nygren,1755,94.99%,(S),0.85%,(S),1.71%,2.11%
16437,Novello,1750,88.74%,(S),(S),(S),0.69%,10.06%
16555,Newlon,1734,92.62%,3.23%,0.92%,0.52%,1.04%,1.67%
16560,Newborn,1733,46.39%,46.45%,0.35%,0.40%,3.17%,3.23%
16601,Noga,1727,92.59%,(S),2.14%,(S),1.45%,3.36%
16624,Newbill,1725,51.19%,40.75%,1.28%,0.35%,3.77%,2.67%
16624,Nie,1725,20.75%,0.52%,76.64%,0.00%,1.22%,0.87%
16641,Newbern,1722,64.63%,31.07%,(S),(S),2.09%,1.57%
16707,Nyquist,1713,94.57%,(S),0.99%,(S),1.81%,2.22%
16824,Nilles,1697,93.93%,1.36%,1.06%,0.47%,1.36%,1.83%
16876,Nealey,1689,70.46%,26.35%,(S),(S),1.60%,1.01%
16900,Nowacki,1685,97.21%,0.30%,(S),(S),0.42%,1.78%
16919,Nevitt,1682,87.46%,7.13%,0.54%,1.43%,1.07%,2.38%
16968,Nicholes,1675,76.72%,16.60%,0.48%,0.90%,2.27%,3.04%
16975,Nakashima,1674,6.93%,(S),77.48%,(S),10.39%,4.96%
17033,Neptune,1668,48.92%,36.33%,0.36%,7.37%,3.96%,3.06%
17202,Neblett,1646,50.97%,41.86%,(S),(S),3.10%,3.65%
17216,Neto,1645,79.88%,5.35%,1.40%,0.00%,1.16%,12.22%
17216,Nocera,1645,90.40%,0.67%,2.31%,0.00%,0.55%,6.08%
17290,Noblitt,1637,94.87%,1.04%,(S),(S),1.22%,2.14%
17322,Noakes,1633,85.67%,9.25%,0.37%,0.80%,1.47%,2.45%
17392,Ngai,1623,1.60%,(S),94.58%,(S),2.53%,1.05%
17668,Newcombe,1589,87.22%,6.10%,0.57%,0.88%,2.45%,2.77%
17682,Najjar,1587,87.08%,(S),1.64%,(S),4.85%,5.23%
17764,Neilsen,1577,92.64%,0.57%,1.14%,0.76%,2.35%,2.54%
17775,Neugebauer,1576,95.37%,0.63%,(S),(S),1.52%,1.97%
17784,Negri,1575,89.59%,1.52%,(S),(S),1.14%,6.92%
17798,Nordby,1573,95.49%,0.64%,(S),(S),1.27%,2.10%
17823,Necaise,1570,97.90%,(S),0.38%,(S),0.45%,0.83%
17942,Navarette,1558,13.16%,(S),2.25%,(S),0.71%,83.25%
18144,Nehls,1534,96.02%,(S),0.91%,(S),0.91%,1.37%
18218,Norville,1527,68.24%,26.39%,(S),(S),1.96%,2.75%
18242,Nuckolls,1524,91.27%,2.69%,(S),(S),2.10%,2.23%
18278,Neuberger,1519,96.18%,(S),0.66%,(S),1.32%,1.51%
18306,Niblett,1515,77.82%,15.91%,0.59%,0.40%,2.57%,2.71%
18317,Nadel,1513,90.61%,0.99%,1.26%,0.33%,0.93%,5.88%
18317,Naidu,1513,4.16%,2.78%,81.43%,1.12%,9.12%,1.39%
18326,Noggle,1512,96.10%,0.33%,0.79%,0.46%,1.06%,1.26%
18366,Notaro,1508,94.89%,(S),(S),0.53%,0.46%,3.65%
18385,Nordman,1506,94.95%,(S),0.40%,(S),1.13%,3.12%
18423,Newburn,1503,74.72%,19.69%,0.40%,1.06%,2.86%,1.26%
18423,Nold,1503,94.68%,1.53%,1.13%,(S),(S),1.73%
18486,Newhall,1495,92.37%,(S),(S),1.94%,1.34%,3.08%
18507,Nolley,1492,53.75%,42.09%,(S),(S),1.61%,1.88%
18529,Nissley,1489,97.38%,(S),0.74%,(S),0.47%,0.81%
18640,Nees,1476,93.43%,0.75%,0.81%,1.49%,1.36%,2.17%
18648,Nuzum,1475,94.51%,1.08%,0.61%,0.54%,1.69%,1.56%
18734,Nakayama,1465,5.73%,0.00%,82.46%,0.00%,9.49%,2.32%
18766,Nagata,1461,14.51%,(S),71.18%,(S),9.17%,4.45%
18831,Nett,1454,94.70%,1.10%,(S),(S),1.38%,2.13%
18835,Nomura,1453,7.36%,(S),78.18%,(S),11.42%,2.82%
18888,Nolting,1446,95.99%,0.76%,(S),(S),1.38%,1.31%
18939,Newhart,1441,95.35%,(S),0.49%,(S),1.39%,2.22%
18961,Naccarato,1439,95.62%,(S),0.49%,(S),0.90%,2.78%
18961,Nitta,1439,36.69%,(S),47.67%,(S),11.19%,3.89%
18961,Nourse,1439,91.31%,3.20%,0.76%,0.49%,1.32%,2.92%
19087,Newswanger,1426,99.65%,0.00%,0.00%,0.00%,(S),(S)
19498,Niccum,1385,93.57%,0.36%,0.51%,0.51%,1.88%,3.18%
19551,Nemitz,1381,96.31%,(S),0.65%,(S),1.01%,1.81%
19551,Nepomuceno,1381,4.63%,(S),54.96%,(S),4.13%,35.99%
19590,Noda,1377,11.26%,(S),42.63%,(S),4.36%,40.74%
19628,Niesen,1374,95.63%,(S),(S),0.51%,1.16%,2.04%
19628,Nosal,1374,82.68%,(S),2.69%,(S),1.67%,12.15%
19646,Niu,1372,3.50%,(S),91.25%,(S),3.86%,0.95%
19671,Nobile,1370,93.94%,(S),0.58%,(S),0.80%,4.31%
19716,Nuccio,1366,94.44%,(S),0.44%,(S),0.95%,3.95%
19716,Nwosu,1366,1.10%,96.56%,0.51%,0.00%,1.32%,0.51%
19755,Nida,1363,89.80%,3.82%,2.27%,0.59%,1.10%,2.42%
19774,Nickols,1361,82.88%,11.54%,(S),(S),1.25%,3.75%
19774,Niswonger,1361,95.08%,0.37%,0.44%,0.66%,1.54%,1.91%
19885,Novy,1351,94.30%,1.63%,0.59%,0.44%,1.70%,1.33%
19907,No,1349,14.68%,2.00%,78.80%,(S),(S),3.11%
20010,Nagi,1338,66.82%,(S),17.94%,(S),9.12%,3.21%
20029,Neidig,1336,94.24%,(S),1.35%,(S),1.27%,2.69%
20047,Niven,1334,95.95%,(S),1.27%,(S),1.35%,1.27%
20076,Najarro,1331,3.76%,(S),2.85%,(S),(S),92.64%
20088,Nedd,1330,8.27%,85.49%,(S),(S),3.01%,2.33%
20216,Nygard,1318,92.72%,(S),0.68%,(S),2.35%,3.49%
20285,Nordberg,1311,96.19%,(S),(S),0.46%,1.07%,1.83%
20336,Nebeker,1307,93.65%,(S),0.46%,(S),2.75%,2.60%
20364,Naser,1305,81.76%,1.92%,8.28%,0.00%,3.45%,4.60%
20458,Neagle,1298,92.22%,1.69%,0.46%,2.39%,1.23%,2.00%
20512,Nitschke,1293,96.91%,(S),0.54%,(S),1.31%,1.01%
20591,Noss,1287,93.94%,1.32%,(S),(S),1.17%,3.03%
20617,Nethery,1285,94.09%,0.86%,(S),(S),1.40%,3.42%
20636,Nasr,1283,85.66%,3.82%,1.56%,0.00%,5.69%,3.27%
20792,Nyland,1270,95.43%,0.00%,1.02%,0.55%,0.79%,2.20%
20829,Nishimoto,1267,6.63%,(S),74.43%,(S),15.39%,3.47%
20843,Neth,1266,74.72%,0.47%,20.54%,0.87%,1.97%,1.42%
20843,Neumeyer,1266,94.63%,0.47%,1.26%,0.39%,1.74%,1.50%
20910,Nastasi,1260,93.10%,(S),0.56%,(S),2.06%,3.65%
20910,Neve,1260,91.98%,(S),1.43%,(S),1.03%,4.76%
20971,Narron,1255,91.47%,2.07%,0.48%,0.56%,1.27%,4.14%
20985,Netter,1254,52.79%,41.47%,(S),(S),2.47%,2.63%
20985,Norred,1254,94.50%,(S),(S),1.04%,1.12%,2.95%
21009,Nevers,1252,74.04%,18.69%,0.64%,1.20%,2.32%,3.12%
21119,Netto,1243,68.95%,2.82%,5.47%,(S),(S),20.68%
21184,Narine,1239,9.20%,29.22%,44.71%,4.04%,9.44%,3.39%
21204,Nadeem,1238,4.85%,1.70%,88.61%,(S),3.55%,(S)
21251,Nimmons,1234,37.44%,55.43%,(S),(S),2.67%,3.48%
21272,Nassif,1232,93.34%,(S),(S),(S),1.87%,4.30%
21288,Nelligan,1231,95.61%,(S),(S),0.57%,1.22%,1.87%
21288,Nephew,1231,73.92%,8.53%,0.73%,12.27%,3.01%,1.54%
21348,Nazzaro,1227,94.78%,(S),0.57%,(S),1.55%,2.69%
21393,Nemecek,1223,93.70%,0.41%,0.41%,0.74%,1.80%,2.94%
21393,Nguy,1223,0.98%,(S),96.81%,(S),1.47%,0.57%
21413,Noa,1221,17.20%,1.39%,19.90%,0.00%,6.72%,54.79%
21483,Naegele,1216,91.61%,(S),1.07%,(S),0.99%,6.00%
21483,Negrín,1216,38.08%,1.32%,0.49%,0.00%,0.74%,59.38%
21483,Northam,1216,90.63%,5.10%,(S),(S),1.32%,1.81%
21535,Nhan,1212,0.99%,(S),95.79%,(S),1.16%,1.82%
21553,Nadal,1211,19.08%,4.62%,11.97%,0.41%,1.40%,62.51%
21599,Nawaz,1208,5.63%,(S),87.91%,(S),4.55%,1.41%
21633,Nakai,1205,4.90%,0.50%,35.85%,48.80%,5.98%,3.98%
21648,Nungaray,1204,2.74%,(S),0.00%,(S),(S),97.01%
21660,Nghiem,1203,0.75%,(S),96.92%,(S),1.25%,1.00%
21686,Niedzwiecki,1201,97.67%,(S),(S),0.00%,0.50%,1.58%
21717,Nodine,1198,93.74%,(S),(S),1.84%,1.34%,2.59%
21878,Nahar,1187,6.15%,(S),88.12%,(S),1.77%,2.11%
21878,Ned,1187,8.34%,69.67%,6.40%,9.44%,4.38%,1.77%
21895,Navin,1186,89.63%,(S),4.55%,(S),1.69%,3.79%
21895,Nisley,1186,96.54%,(S),(S),(S),0.93%,1.77%
21926,Neaves,1184,65.71%,3.72%,0.42%,0.00%,0.51%,29.65%
21940,Nicasio,1183,3.63%,0.68%,8.62%,(S),(S),86.81%
22026,Nieblas,1177,9.35%,(S),(S),2.21%,0.93%,87.43%
22081,Nordyke,1173,95.57%,0.00%,0.43%,0.77%,1.71%,1.53%
22201,Norgaard,1162,94.75%,(S),1.03%,(S),2.41%,1.55%
22260,Naeem,1158,9.59%,3.89%,80.92%,0.60%,4.40%,0.60%
22319,Neis,1155,92.55%,0.43%,2.94%,0.78%,2.42%,0.87%
22334,Najarian,1154,93.67%,(S),0.95%,(S),3.03%,2.25%
22346,Niebuhr,1153,96.96%,0.00%,0.43%,0.00%,0.95%,1.65%
22516,Nakasone,1142,3.15%,(S),78.20%,(S),12.00%,6.48%
22516,Nora,1142,31.70%,31.44%,8.23%,(S),(S),26.97%
22573,Niemeier,1138,97.10%,(S),0.53%,(S),0.62%,1.41%
22608,Njoroge,1136,3.70%,92.43%,(S),(S),2.99%,0.62%
22646,Nafziger,1133,96.56%,0.44%,(S),(S),0.88%,1.59%
22646,Nowland,1133,94.09%,0.71%,(S),2.29%,(S),1.94%
22689,Nambo,1130,2.48%,0.71%,(S),(S),0.44%,95.93%
22689,Nishida,1130,6.37%,(S),81.15%,(S),9.91%,2.39%
22721,Neyman,1128,94.68%,(S),(S),0.71%,2.57%,1.42%
22749,Niehoff,1126,96.71%,(S),(S),(S),0.89%,1.60%
23054,Nanda,1109,5.68%,0.81%,86.83%,0.81%,3.88%,1.98%
23065,Neathery,1108,93.68%,(S),1.90%,(S),1.44%,2.08%
23084,Nazari,1107,75.79%,(S),3.16%,(S),16.62%,4.07%
23153,Norling,1102,93.92%,0.64%,1.18%,0.73%,1.63%,1.91%
23283,Naron,1094,86.29%,1.65%,4.57%,0.00%,2.56%,4.94%
23315,Nembhard,1092,3.30%,88.00%,(S),(S),4.12%,4.30%
23315,Novelli,1092,94.41%,(S),(S),(S),1.01%,3.85%
23333,Novo,1091,38.41%,(S),2.29%,(S),1.10%,57.65%
23354,Nevius,1090,87.06%,7.89%,(S),(S),1.74%,2.39%
23397,Nowling,1087,84.08%,11.87%,(S),(S),1.84%,1.10%
23432,Njoku,1085,0.83%,96.59%,(S),(S),1.84%,0.65%
23432,Nuncio,1085,11.15%,(S),1.20%,0.74%,(S),86.64%
23457,Nadolny,1084,97.69%,(S),(S),(S),0.46%,1.29%
23604,Neuner,1075,96.74%,(S),0.56%,(S),1.12%,1.49%
23647,Nerio,1072,4.94%,(S),1.96%,(S),0.00%,92.82%
24031,Nangle,1049,90.56%,6.67%,0.67%,0.00%,0.67%,1.43%
24031,Negley,1049,95.90%,0.48%,0.57%,0.76%,1.43%,0.86%
24090,Netherland,1045,90.43%,7.08%,0.48%,0.00%,0.96%,1.05%
24137,Navar,1042,7.49%,(S),0.58%,0.00%,(S),91.46%
24137,Nikolić,1042,97.22%,(S),(S),0.00%,0.67%,1.73%
24237,Neidlinger,1035,96.04%,(S),(S),(S),1.64%,1.35%
24237,Newmark,1035,94.98%,(S),0.87%,(S),1.06%,2.51%
24260,Navratil,1034,95.94%,(S),0.48%,(S),1.55%,1.74%
24288,Nowack,1033,95.26%,(S),1.65%,(S),1.45%,1.26%
24305,Naas,1032,96.80%,(S),(S),0.48%,0.58%,1.26%
24352,Narain,1029,4.86%,17.49%,63.07%,3.21%,7.09%,4.28%
24554,Necessary,1018,96.95%,0.59%,(S),(S),0.59%,1.18%
24593,Noori,1016,54.23%,0.49%,9.74%,0.00%,34.84%,0.69%
24747,Nine,1007,91.26%,(S),2.09%,1.09%,(S),4.17%
24855,Nylund,1001,95.60%,(S),(S),(S),1.70%,1.80%
