Rank,Name,Count,White,Black,API,AIAN,2+ Races,Hispanic
44,Baker,419586,79.83%,14.44%,0.56%,0.87%,2.02%,2.28%
72,Bailey,277845,72.45%,22.00%,0.50%,0.62%,2.16%,2.28%
82,Brooks,251663,60.22%,33.47%,0.48%,0.79%,2.56%,2.48%
86,Bennett,247599,76.56%,17.53%,0.53%,0.88%,1.99%,2.50%
106,Bell,220599,61.11%,32.35%,0.55%,1.01%,2.51%,2.46%
108,Butler,218847,62.36%,31.54%,0.45%,0.84%,2.45%,2.35%
110,Barnes,218241,64.81%,29.28%,0.48%,0.75%,2.35%,2.33%
155,Burns,165925,80.26%,14.06%,0.59%,0.78%,1.83%,2.48%
174,Black,154738,74.63%,19.00%,0.53%,1.44%,2.08%,2.33%
176,Boyd,153469,63.18%,30.77%,0.51%,1.02%,2.36%,2.16%
208,Bradley,136720,69.12%,25.09%,0.44%,0.82%,2.19%,2.34%
222,Berry,132812,70.66%,23.11%,0.56%,0.80%,2.34%,2.53%
246,Burke,122877,85.93%,8.76%,0.68%,0.54%,1.68%,2.41%
262,Bishop,116618,84.44%,10.14%,0.61%,0.57%,1.86%,2.37%
280,Burton,110529,67.32%,27.06%,0.53%,0.51%,2.25%,2.34%
296,Bowman,105007,80.82%,13.62%,0.48%,0.80%,2.05%,2.23%
303,Brewer,103318,81.30%,12.64%,0.42%,1.35%,2.09%,2.19%
314,Barrett,100104,80.70%,13.40%,0.67%,0.62%,1.96%,2.65%
324,Barnett,95681,76.44%,17.47%,0.43%,0.90%,2.20%,2.56%
325,Bates,95622,75.35%,18.90%,0.55%,0.76%,2.03%,2.41%
328,Beck,93786,90.27%,4.53%,0.74%,0.63%,1.66%,2.17%
357,Becker,87859,94.89%,0.52%,0.66%,0.34%,1.26%,2.33%
360,Barker,87162,86.48%,7.83%,0.68%,0.65%,1.92%,2.44%
365,Benson,86081,77.85%,16.24%,0.79%,0.77%,1.95%,2.41%
372,Bush,84018,71.73%,22.44%,0.57%,0.82%,2.15%,2.29%
395,Baldwin,80742,76.87%,17.25%,0.52%,0.93%,1.99%,2.43%
406,Barber,78848,75.48%,18.38%,0.64%,1.02%,2.08%,2.39%
407,Bowen,78822,82.08%,11.96%,0.55%,0.68%,2.01%,2.71%
416,Blair,78026,79.40%,14.67%,0.55%,0.67%,2.18%,2.53%
444,Burgess,73931,75.35%,18.67%,0.63%,0.95%,2.21%,2.17%
447,Blake,73797,71.21%,22.58%,0.56%,0.84%,2.14%,2.68%
450,Brady,73145,87.28%,6.89%,0.56%,0.96%,1.65%,2.66%
488,Barton,68233,85.11%,7.96%,0.59%,1.31%,1.91%,3.12%
503,Buchanan,66648,77.40%,17.00%,0.59%,0.57%,2.01%,2.43%
508,Ball,66059,82.32%,12.00%,0.96%,0.58%,1.78%,2.35%
511,Bowers,66003,83.40%,11.53%,0.47%,0.60%,1.73%,2.27%
517,Bauer,65004,95.10%,0.39%,0.59%,0.38%,1.17%,2.38%
544,Ballard,61625,75.26%,19.17%,0.42%,0.82%,2.09%,2.23%
546,Brock,61369,83.03%,11.74%,0.46%,0.76%,1.98%,2.02%
554,Burnett,60791,69.91%,24.06%,0.41%,0.74%,2.52%,2.36%
565,Beil,59463,62.10%,32.08%,0.34%,0.87%,2.29%,2.33%
572,Briggs,58408,75.92%,18.56%,0.51%,0.67%,2.10%,2.24%
585,Bryan,57143,81.33%,11.79%,0.64%,0.63%,1.77%,3.83%
589,Bass,57044,69.18%,24.53%,0.49%,0.77%,2.31%,2.72%
628,Bradford,54015,64.77%,29.10%,0.51%,0.64%,2.48%,2.50%
632,Boone,53792,62.39%,31.01%,0.52%,1.38%,2.36%,2.35%
635,Bridges,53682,67.71%,27.05%,0.46%,0.52%,2.16%,2.10%
636,Bruce,53419,77.35%,15.89%,0.74%,1.13%,2.20%,2.70%
676,Boyer,50742,88.78%,5.45%,0.62%,0.61%,1.86%,2.68%
679,Bond,50610,75.91%,17.88%,0.58%,0.85%,2.34%,2.43%
697,Booth,49402,83.38%,10.84%,0.63%,1.05%,1.76%,2.34%
701,Brennan,49238,94.56%,0.80%,0.83%,0.24%,1.26%,2.32%
706,Baxter,49033,80.37%,13.87%,0.60%,0.63%,2.07%,2.47%
712,Berg,48746,94.69%,0.35%,0.73%,0.47%,1.44%,2.32%
721,Beard,48207,74.91%,19.61%,0.45%,0.67%,1.99%,2.38%
732,Beasley,47693,67.02%,27.62%,0.42%,0.67%,2.32%,1.95%
738,Barry,47274,84.47%,10.54%,0.76%,0.37%,1.37%,2.49%
741,Blackwell,47175,65.69%,28.46%,0.39%,0.77%,2.64%,2.05%
770,Bullock,44740,61.59%,32.96%,0.46%,0.61%,2.23%,2.15%
781,Barr,44130,82.69%,11.74%,0.59%,1.04%,1.67%,2.26%
785,Berger,43851,92.33%,2.48%,0.69%,0.34%,1.36%,2.80%
787,Blankenship,43830,93.71%,2.03%,0.36%,0.77%,1.51%,1.63%
791,Bartlett,43648,90.56%,3.71%,0.66%,0.65%,1.82%,2.60%
797,Browning,43329,87.47%,7.28%,0.43%,0.70%,1.83%,2.28%
812,Buck,42639,88.10%,5.71%,0.78%,1.43%,1.92%,2.06%
818,Bradshaw,42465,78.07%,16.42%,0.45%,0.57%,2.16%,2.34%
834,Buckley,41348,83.18%,11.48%,0.57%,0.73%,1.69%,2.37%
862,Bentley,40193,82.48%,12.38%,0.52%,0.46%,1.87%,2.29%
866,Boyle,39921,93.52%,2.02%,0.61%,0.29%,1.29%,2.26%
881,Bender,39551,88.49%,6.53%,0.67%,0.64%,1.60%,2.08%
889,Blackburn,39097,87.41%,7.31%,0.52%,0.91%,1.71%,2.14%
899,Bernard,38512,62.84%,25.83%,1.09%,0.73%,2.15%,7.37%
906,Blevins,38229,89.47%,5.16%,0.37%,1.15%,2.12%,1.73%
911,Best,37923,71.82%,22.50%,0.54%,0.60%,1.79%,2.75%
912,Benton,37912,69.00%,24.95%,0.55%,0.89%,2.23%,2.37%
920,Blanchard,37695,84.87%,9.32%,0.51%,0.80%,1.85%,2.65%
926,Bean,37571,80.83%,13.42%,0.57%,0.91%,1.79%,2.48%
948,Brandt,36613,94.13%,0.91%,0.65%,0.37%,1.41%,2.52%
958,Burch,36269,78.77%,15.35%,0.49%,0.78%,2.19%,2.41%
1003,Bray,34906,81.76%,12.26%,0.60%,0.84%,2.21%,2.33%
1010,Baird,34721,91.44%,3.30%,0.63%,0.64%,1.59%,2.40%
1012,Braun,34491,94.26%,0.68%,0.60%,0.29%,1.28%,2.90%
1041,Bird,33457,87.79%,3.28%,0.97%,2.94%,2.21%,2.81%
1047,Barlow,33335,81.17%,13.30%,0.55%,1.17%,1.85%,1.96%
1050,Bright,33281,70.47%,23.30%,0.86%,0.60%,2.52%,2.25%
1068,Bolton,32815,73.52%,20.94%,0.54%,0.52%,2.10%,2.40%
1087,Byers,32174,80.70%,14.05%,0.57%,0.60%,1.77%,2.30%
1115,Britt,31474,73.72%,20.90%,0.32%,0.84%,1.96%,2.25%
1135,Bruno,30883,74.09%,7.00%,1.19%,0.62%,1.15%,15.96%
1137,Beach,30867,89.56%,4.85%,0.61%,0.85%,1.89%,2.25%
1181,Bacon,29860,74.94%,18.36%,0.93%,1.25%,2.22%,2.30%
1198,Byrne,29503,94.79%,0.34%,0.67%,0.27%,1.05%,2.88%
1217,Britton,29040,73.97%,19.85%,0.50%,0.79%,2.21%,2.68%
1243,Belcher,28321,80.09%,15.12%,0.44%,0.52%,1.68%,2.15%
1262,Boggs,27880,89.29%,5.75%,0.41%,0.79%,1.77%,1.99%
1302,Broussard,26971,67.65%,27.37%,0.27%,0.34%,1.79%,2.57%
1311,Bowling,26762,91.39%,4.67%,0.35%,0.46%,1.71%,1.42%
1312,Burris,26760,75.41%,17.66%,0.47%,1.81%,2.62%,2.02%
1315,Bland,26722,60.20%,34.26%,0.42%,0.54%,2.34%,2.24%
1331,Burt,26475,79.34%,15.49%,0.62%,0.46%,1.84%,2.27%
1337,Boyce,26376,74.15%,20.06%,0.63%,0.45%,2.26%,2.45%
1342,Brandon,26284,63.61%,29.10%,0.64%,0.70%,2.58%,3.37%
1360,Bingham,25941,82.00%,12.70%,0.46%,0.67%,1.89%,2.29%
1389,Beatty,25510,80.19%,14.26%,0.58%,0.77%,2.08%,2.13%
1434,Buckner,24822,67.41%,26.51%,0.44%,0.89%,2.53%,2.21%
1450,Bowden,24560,73.29%,21.29%,0.54%,0.44%,1.97%,2.46%
1478,Blanton,24154,84.03%,11.61%,0.37%,0.49%,1.66%,1.84%
1483,Bloom,24081,92.98%,2.19%,0.64%,0.35%,1.37%,2.47%
1509,Bullard,23755,71.25%,17.21%,0.48%,6.74%,2.08%,2.25%
1514,Bowles,23713,80.77%,13.54%,0.56%,0.54%,2.18%,2.40%
1548,Butts,23227,65.41%,29.82%,0.35%,0.36%,1.99%,2.06%
1567,Butcher,22978,84.60%,9.04%,0.49%,1.12%,1.88%,2.87%
1581,Biggs,22641,81.54%,12.89%,0.45%,0.68%,1.83%,2.60%
1588,Billings,22553,82.66%,11.37%,0.63%,0.95%,1.90%,2.48%
1591,Boswell,22540,77.11%,16.31%,0.51%,1.37%,2.37%,2.33%
1615,Browne,22289,66.90%,25.70%,1.02%,0.39%,2.85%,3.14%
1629,Bunch,22117,78.72%,15.48%,0.50%,1.26%,1.96%,2.08%
1638,Babcock,22016,94.17%,0.59%,0.72%,0.49%,1.63%,2.41%
1643,Bragg,21934,80.74%,14.28%,0.41%,0.36%,2.21%,2.01%
1658,Block,21717,90.69%,4.15%,0.76%,0.33%,1.69%,2.38%
1665,Beaver,21640,87.06%,5.09%,0.43%,3.13%,2.16%,2.13%
1682,Bower,21445,93.85%,1.48%,0.62%,0.41%,1.30%,2.34%
1726,Beal,20752,77.31%,16.85%,0.57%,0.69%,1.96%,2.62%
1750,Bassett,20482,84.38%,9.67%,0.63%,0.77%,1.89%,2.66%
1760,Barnard,20366,89.88%,4.76%,0.63%,0.66%,1.54%,2.52%
1775,Benoit,20160,81.64%,12.76%,0.48%,0.50%,1.86%,2.76%
1777,Barnhart,20157,93.41%,1.53%,0.55%,0.53%,1.34%,2.65%
1786,Bergeron,20073,93.33%,2.32%,0.49%,0.58%,1.27%,2.01%
1791,Boucher,20050,93.21%,2.02%,0.70%,0.61%,1.60%,1.86%
1799,Betts,19983,69.34%,24.46%,0.62%,0.54%,2.52%,2.53%
1830,Brewster,19564,72.72%,20.20%,0.49%,0.75%,2.18%,3.68%
1840,Burger,19480,93.19%,2.12%,0.59%,0.61%,1.36%,2.15%
1852,Burkett,19369,86.89%,8.44%,0.44%,0.57%,1.57%,2.09%
1879,Brand,19135,83.14%,9.52%,0.49%,0.51%,1.44%,4.92%
1893,Bateman,19001,87.28%,7.66%,0.54%,0.50%,1.74%,2.28%
1937,Beyer,18641,95.40%,0.27%,0.78%,0.16%,1.46%,1.93%
1948,Bledsoe,18510,74.91%,19.89%,0.53%,0.52%,2.22%,1.92%
1954,Bryson,18486,77.05%,17.19%,0.49%,0.55%,2.18%,2.54%
2015,Bernstein,17916,95.21%,0.69%,0.75%,0.08%,1.03%,2.25%
2021,Bergman,17846,94.37%,0.89%,0.61%,0.53%,1.47%,2.14%
2040,Bauman,17641,94.70%,0.79%,0.67%,0.40%,1.44%,2.00%
2072,Blum,17458,94.86%,0.41%,0.58%,0.20%,1.09%,2.85%
2082,Bain,17371,84.59%,9.08%,1.08%,1.02%,1.87%,2.37%
2085,Burrows,17355,84.92%,9.36%,0.68%,0.90%,1.84%,2.30%
2086,Busch,17354,92.65%,2.74%,0.51%,0.34%,1.38%,2.39%
2087,Burroughs,17336,68.37%,26.37%,0.48%,0.45%,1.97%,2.35%
2089,Bagley,17324,77.70%,17.14%,0.36%,0.68%,2.04%,2.07%
2130,Benedict,17036,91.08%,1.56%,1.17%,1.24%,1.95%,2.99%
2159,Barrow,16801,66.63%,26.67%,0.51%,0.55%,2.14%,3.49%
2172,Burnette,16717,73.62%,18.86%,0.41%,3.77%,1.89%,1.45%
2175,Bartley,16689,78.05%,16.43%,0.94%,1.08%,1.50%,2.00%
2192,Baer,16587,94.82%,0.58%,0.83%,0.43%,1.07%,2.26%
2204,Burkhart,16526,94.37%,0.51%,0.64%,0.53%,1.79%,2.15%
2224,Barney,16404,78.50%,12.61%,0.66%,3.26%,2.12%,2.87%
2230,Baum,16334,93.82%,1.67%,0.72%,0.28%,1.33%,2.18%
2234,Baron,16308,80.61%,3.80%,2.38%,0.12%,1.55%,11.55%
2253,Brannon,16136,79.12%,15.18%,0.50%,0.77%,2.34%,2.09%
2255,Brenner,16114,94.42%,0.58%,0.59%,0.52%,1.36%,2.53%
2271,Berman,16025,94.12%,0.98%,0.97%,0.08%,1.20%,2.65%
2282,Boudreaux,15976,85.49%,9.86%,0.38%,0.78%,1.45%,2.03%
2292,Bruner,15898,84.87%,8.25%,0.45%,1.78%,2.59%,2.06%
2315,Burnham,15775,90.95%,3.94%,0.68%,0.49%,1.79%,2.14%
2320,Busby,15754,77.22%,17.02%,0.51%,0.76%,2.16%,2.32%
2323,Burr,15703,86.10%,7.54%,0.55%,1.41%,1.88%,2.52%
2337,Brunner,15593,91.80%,3.44%,0.53%,0.39%,1.53%,2.32%
2348,Beavers,15531,77.83%,16.45%,0.37%,0.92%,2.36%,2.07%
2352,Burk,15500,90.41%,3.72%,0.66%,0.68%,1.80%,2.74%
2352,Borden,15500,79.81%,13.38%,0.86%,0.61%,1.93%,3.41%
2374,Bartholomew,15339,84.80%,9.29%,0.70%,0.64%,2.08%,2.50%
2412,Beckman,15045,94.22%,1.40%,0.47%,0.48%,1.48%,1.96%
2421,Bail,14957,81.67%,12.13%,1.50%,0.60%,1.50%,2.60%
2423,Brower,14950,86.48%,6.62%,0.68%,1.75%,1.80%,2.68%
2426,Boles,14946,81.76%,12.74%,0.40%,0.62%,2.21%,2.27%
2441,Beebe,14847,92.81%,1.19%,0.69%,1.04%,1.93%,2.34%
2461,Baumann,14644,94.81%,0.47%,0.69%,0.42%,1.33%,2.28%
2471,Bliss,14588,92.14%,1.79%,0.91%,0.88%,1.86%,2.42%
2474,Barth,14579,94.71%,0.97%,0.61%,0.27%,1.19%,2.24%
2504,Barbour,14451,72.65%,21.93%,0.42%,0.49%,2.28%,2.24%
2517,Bowser,14383,74.44%,21.10%,0.34%,0.37%,2.03%,1.72%
2528,Barger,14324,93.56%,1.61%,0.36%,0.98%,1.49%,2.00%
2543,Baughman,14230,94.50%,0.98%,0.47%,0.60%,1.62%,1.83%
2549,Breen,14170,88.47%,6.86%,0.78%,0.25%,1.23%,2.41%
2567,Burdick,14081,94.40%,0.37%,0.65%,0.65%,1.44%,2.49%
2584,Beam,13972,92.66%,3.06%,0.40%,0.46%,1.47%,1.95%
2599,Branham,13872,86.47%,8.08%,0.44%,1.55%,2.01%,1.45%
2605,Braswell,13838,69.55%,25.50%,0.46%,0.62%,1.66%,2.20%
2632,Brinkley,13695,67.19%,27.67%,0.28%,0.58%,2.19%,2.08%
2648,Braden,13603,85.41%,9.48%,0.41%,0.82%,1.88%,2.00%
2670,Bearden,13499,88.88%,6.37%,0.30%,0.74%,1.53%,2.17%
2691,Bock,13382,94.13%,0.49%,1.15%,0.34%,1.36%,2.53%
2704,Bales,13326,92.49%,0.94%,0.67%,1.01%,2.12%,2.78%
2705,Bourgeois,13325,88.32%,7.45%,0.35%,0.29%,1.19%,2.39%
2722,Byler,13230,98.19%,0.15%,0.14%,0.17%,0.60%,0.76%
2734,Burleson,13176,86.64%,7.91%,0.42%,0.79%,1.89%,2.35%
2737,Barfield,13165,69.22%,24.65%,0.40%,0.72%,2.32%,2.69%
2739,Bouchard,13154,95.26%,0.36%,0.46%,0.57%,1.41%,1.94%
2763,Bachman,13057,95.13%,0.50%,0.69%,0.41%,1.26%,2.01%
2764,Barkley,13051,72.63%,21.52%,0.51%,0.92%,2.11%,2.31%
2765,Blank,13050,94.72%,1.24%,0.60%,0.34%,0.98%,2.12%
2770,Burden,13028,66.55%,27.82%,0.40%,0.58%,2.26%,2.39%
2783,Bolin,12962,91.15%,2.60%,0.38%,1.64%,1.74%,2.50%
2793,Bélanger,12922,94.39%,0.73%,0.56%,0.84%,1.59%,1.89%
2800,Beaty,12869,82.07%,12.22%,0.45%,0.44%,2.00%,2.82%
2820,Babb,12794,82.12%,11.86%,0.70%,0.48%,1.84%,2.99%
2826,Barone,12758,93.47%,0.70%,0.45%,0.18%,0.96%,4.23%
2833,Baggett,12717,86.13%,9.68%,0.29%,0.57%,1.31%,2.02%
2842,Breaux,12705,77.50%,17.99%,0.42%,0.46%,1.76%,1.88%
2873,Baugh,12543,74.57%,19.93%,0.66%,0.69%,2.10%,2.06%
2881,Bertrand,12461,80.26%,13.06%,0.50%,0.31%,1.77%,4.09%
2891,Bollinger,12425,94.99%,0.39%,0.88%,0.61%,1.48%,1.65%
2918,Broughton,12273,66.09%,28.82%,0.48%,0.61%,1.99%,2.01%
2934,Brubaker,12218,95.59%,0.25%,0.56%,0.29%,1.10%,2.21%
2954,Birch,12161,82.79%,10.95%,0.77%,0.54%,1.87%,3.08%
2971,Bundy,12065,82.11%,12.32%,0.51%,0.71%,2.30%,2.03%
2986,Bach,11999,84.82%,0.30%,10.70%,0.21%,1.30%,2.67%
2989,Brink,11982,93.65%,0.33%,0.73%,1.54%,1.39%,2.35%
2995,Billingsley,11973,65.74%,28.99%,0.33%,0.49%,2.42%,2.02%
3020,Beckwith,11876,82.47%,12.39%,0.68%,0.53%,2.05%,1.88%
3023,Beauchamp,11865,80.12%,7.44%,0.51%,0.97%,2.27%,8.69%
3045,Beckett,11763,77.05%,17.64%,0.53%,0.43%,1.94%,2.42%
3052,Bair,11740,92.78%,2.12%,1.08%,0.43%,1.47%,2.12%
3077,Blakely,11669,62.80%,30.64%,0.46%,0.52%,2.75%,2.83%
3086,Bigelow,11650,86.76%,7.79%,0.79%,0.45%,2.14%,2.07%
3088,Bull,11646,86.12%,8.29%,0.62%,1.19%,1.23%,2.54%
3092,Boland,11631,91.70%,2.18%,0.86%,0.43%,1.51%,3.31%
3096,Brothers,11619,79.12%,15.60%,0.48%,0.71%,2.01%,2.07%
3100,Benner,11612,94.40%,1.27%,0.47%,0.62%,1.07%,2.17%
3106,Branson,11587,85.03%,8.82%,0.51%,0.77%,2.09%,2.78%
3115,Barclay,11568,80.17%,14.18%,0.75%,0.43%,1.75%,2.72%
3128,Burkholder,11532,97.55%,0.28%,0.32%,0.14%,0.62%,1.09%
3145,Blalock,11493,81.56%,12.76%,0.30%,1.57%,1.57%,2.24%
3151,Barbee,11470,71.34%,23.04%,0.47%,0.69%,2.29%,2.16%
3152,Butterfield,11468,90.89%,3.14%,0.76%,0.95%,2.14%,2.13%
3156,Baumgartner,11448,95.13%,0.46%,0.65%,0.37%,1.46%,1.94%
3169,Breeden,11395,88.82%,6.28%,0.42%,0.59%,2.03%,1.86%
3200,Burdette,11284,87.73%,7.13%,0.33%,0.79%,1.71%,2.32%
3215,Bronson,11229,75.69%,18.27%,0.69%,0.63%,2.14%,2.59%
3223,Brockman,11204,87.09%,7.91%,0.64%,0.52%,1.62%,2.22%
3230,Bunn,11180,80.50%,14.09%,1.04%,0.55%,2.08%,1.74%
3234,Bruns,11158,95.01%,1.34%,0.50%,0.32%,0.99%,1.83%
3236,Boyles,11156,88.00%,6.14%,0.76%,0.64%,2.23%,2.23%
3268,Beers,11043,94.60%,0.34%,0.54%,0.43%,1.63%,2.45%
3271,Byrnes,11039,95.33%,0.51%,0.60%,0.34%,1.29%,1.95%
3278,Brackett,11027,83.24%,10.69%,0.53%,1.29%,2.03%,2.22%
3301,Brant,10886,84.82%,8.63%,0.46%,2.06%,1.81%,2.22%
3340,Boehm,10730,95.81%,0.24%,0.56%,0.30%,1.11%,1.99%
3349,Beaulieu,10695,88.75%,2.69%,0.70%,3.94%,1.96%,1.95%
3350,Bone,10692,83.82%,8.54%,1.03%,0.71%,1.66%,4.24%
3389,Bayer,10544,94.79%,0.68%,0.71%,0.11%,0.93%,2.77%
3398,Behrens,10524,93.95%,0.50%,0.61%,0.44%,1.07%,3.43%
3404,Broderick,10504,90.45%,4.39%,0.74%,0.24%,1.20%,2.98%
3421,Brinkman,10432,95.66%,0.25%,0.55%,0.56%,1.19%,1.80%
3447,Burge,10364,85.94%,8.22%,0.76%,0.64%,2.13%,2.31%
3460,Bagwell,10324,89.69%,5.85%,0.44%,0.51%,1.40%,2.10%
3522,Broome,10133,80.29%,15.21%,0.40%,0.60%,1.73%,1.77%
3527,Betz,10120,94.51%,1.19%,0.60%,0.18%,1.22%,2.31%
3534,Boudreau,10103,95.26%,0.33%,0.68%,0.39%,1.23%,2.12%
3538,Box,10098,82.98%,10.98%,0.60%,1.32%,1.87%,2.25%
3552,Bills,10051,81.14%,13.32%,0.57%,0.82%,1.78%,2.38%
3563,Blaylock,10008,77.24%,16.90%,0.45%,1.38%,1.82%,2.22%
3575,Beckham,9960,76.02%,18.78%,0.38%,0.47%,1.80%,2.55%
3630,Broyles,9781,87.47%,7.35%,0.64%,0.72%,1.79%,2.03%
3660,Binder,9720,91.10%,4.80%,0.73%,0.14%,1.30%,1.92%
3677,Bohannon,9663,80.59%,14.25%,0.41%,0.73%,1.76%,2.26%
3691,Brandenburg,9624,94.36%,0.88%,0.68%,0.41%,1.47%,2.21%
3693,Bernier,9614,88.62%,3.22%,0.59%,0.44%,1.84%,5.28%
3701,Bivens,9603,63.43%,30.98%,0.46%,0.52%,2.23%,2.38%
3762,Batchelor,9417,81.30%,13.62%,0.52%,0.42%,1.95%,2.18%
3793,Bolen,9323,92.08%,3.19%,0.50%,0.64%,1.63%,1.95%
3807,Bratcher,9301,79.20%,15.58%,0.33%,0.66%,2.13%,2.11%
3809,Bratton,9300,75.82%,18.40%,0.52%,0.38%,2.19%,2.70%
3822,Bohn,9272,94.80%,0.40%,0.69%,0.52%,1.21%,2.38%
3823,Bourne,9270,74.46%,18.23%,1.00%,0.55%,2.61%,3.15%
3840,Biddle,9219,86.08%,9.17%,0.71%,0.55%,1.88%,1.62%
3841,Brill,9215,93.56%,0.58%,1.09%,0.59%,1.51%,2.68%
3847,Beall,9202,90.35%,3.12%,0.74%,0.88%,1.54%,3.37%
3854,Bader,9197,93.76%,0.57%,1.47%,0.25%,1.89%,2.07%
3865,Buss,9177,95.65%,0.58%,0.75%,0.27%,0.88%,1.86%
3870,Bittner,9163,95.56%,0.40%,0.53%,0.29%,1.18%,2.03%
3914,Breedlove,9075,77.88%,16.19%,0.40%,1.10%,2.15%,2.28%
3928,Borders,9053,72.56%,23.13%,0.47%,0.23%,1.60%,2.00%
3940,Barnhill,9040,83.51%,11.73%,0.42%,0.67%,1.90%,1.77%
3955,Beattie,8993,90.53%,3.20%,0.85%,0.63%,1.69%,3.10%
3961,Bourque,8973,95.74%,0.59%,0.45%,0.28%,1.01%,1.93%
3972,Batson,8951,77.61%,17.14%,0.47%,0.68%,2.17%,1.93%
3986,Bergstrom,8908,95.40%,0.24%,0.73%,0.35%,1.37%,1.92%
4009,Burnside,8859,68.77%,24.54%,0.47%,2.02%,2.14%,2.05%
4029,Bedford,8814,65.49%,27.96%,0.48%,0.78%,2.59%,2.71%
4032,Bartels,8809,94.72%,0.77%,0.77%,0.45%,1.14%,2.15%
4036,Basham,8806,91.94%,2.98%,0.43%,0.35%,1.51%,2.79%
4051,Back,8762,87.42%,0.66%,6.55%,0.98%,1.47%,2.91%
4063,Buffington,8738,86.85%,8.35%,0.39%,1.01%,1.38%,2.01%
4065,Belt,8737,80.81%,12.89%,0.69%,1.60%,1.81%,2.21%
4072,Bunting,8725,86.21%,8.83%,0.64%,0.29%,1.64%,2.40%
4080,Burkhardt,8707,94.59%,1.27%,0.60%,0.25%,1.25%,2.03%
4096,Brittain,8671,89.81%,4.39%,0.63%,0.50%,1.87%,2.80%
4100,Boothe,8656,78.99%,16.71%,0.37%,0.51%,1.63%,1.80%
4105,Bannister,8639,68.65%,23.34%,1.74%,0.45%,2.67%,3.15%
4133,Bandy,8582,79.54%,14.43%,1.03%,0.65%,1.79%,2.56%
4149,Burley,8542,62.00%,32.36%,0.50%,0.75%,2.59%,1.80%
4154,Boss,8529,86.69%,8.44%,0.55%,0.72%,1.64%,1.96%
4167,Bontrager,8507,97.97%,0.24%,0.14%,0.14%,0.61%,0.91%
4178,Barnette,8480,77.74%,17.54%,0.38%,0.90%,1.52%,1.93%
4200,Begley,8435,93.63%,1.79%,0.33%,0.32%,2.03%,1.90%
4213,Blackwood,8407,72.78%,19.04%,0.50%,1.24%,2.03%,4.40%
4236,Bertram,8369,91.03%,3.07%,0.60%,0.60%,1.57%,3.14%
4270,Burchett,8318,88.59%,7.00%,0.24%,0.71%,1.97%,1.49%
4279,Battaglia,8308,94.73%,0.25%,0.42%,0.12%,1.20%,3.27%
4280,Ballinger,8306,87.95%,6.21%,0.53%,0.67%,2.08%,2.55%
4293,Bianchi,8284,89.67%,0.47%,0.47%,0.11%,0.92%,8.37%
4299,Bracken,8265,89.72%,5.86%,0.58%,0.33%,1.46%,2.06%
4308,Bear,8252,78.05%,0.91%,2.85%,10.53%,2.84%,4.82%
4343,Bradbury,8172,93.26%,1.93%,0.49%,0.37%,1.86%,2.09%
4394,Buckingham,8094,85.82%,9.01%,0.67%,0.57%,1.87%,2.08%
4427,Budd,8026,85.76%,8.19%,0.70%,0.46%,1.89%,3.00%
4442,Badger,7987,76.96%,17.78%,0.61%,0.43%,2.32%,1.90%
4457,Bounds,7960,82.89%,11.47%,0.55%,0.63%,2.11%,2.35%
4470,Blythe,7947,84.93%,8.93%,0.44%,0.77%,2.59%,2.34%
4477,Buxton,7925,82.65%,11.72%,0.72%,0.86%,2.12%,1.93%
4489,Beeler,7902,91.88%,3.66%,0.38%,0.68%,1.73%,1.67%
4514,Ballew,7857,88.62%,4.34%,0.62%,1.62%,2.16%,2.63%
4544,Bricker,7792,95.88%,0.39%,0.51%,0.39%,0.91%,1.93%
4547,Buchholz,7790,95.12%,0.23%,0.60%,0.39%,1.50%,2.16%
4555,Basile,7783,93.19%,2.20%,0.55%,0.19%,0.93%,2.94%
4561,Barrows,7773,87.52%,4.95%,1.12%,0.81%,2.30%,3.29%
4577,Brogan,7754,94.66%,1.12%,0.54%,0.30%,1.42%,1.96%
4589,Bahr,7731,92.96%,0.54%,0.48%,1.13%,1.47%,3.41%
4590,Bickford,7728,94.53%,0.49%,0.54%,0.84%,1.42%,2.17%
4597,Batten,7716,84.78%,10.85%,0.44%,0.58%,1.70%,1.65%
4606,Battles,7702,61.96%,31.10%,0.52%,1.60%,2.69%,2.14%
4611,Bristol,7694,73.07%,18.39%,1.18%,0.39%,2.59%,4.38%
4625,Boren,7672,92.82%,0.64%,0.53%,0.95%,1.93%,3.13%
4669,Boling,7597,91.37%,2.86%,0.72%,0.76%,1.86%,2.44%
4679,Bunker,7581,93.18%,0.88%,0.58%,1.24%,1.68%,2.44%
4707,Burrow,7539,84.02%,10.04%,0.48%,1.13%,2.08%,2.25%
4717,Berryman,7517,79.22%,15.47%,0.36%,0.82%,1.82%,2.30%
4726,Bolt,7504,89.31%,5.49%,0.79%,0.65%,1.45%,2.31%
4729,Berlin,7503,93.11%,1.15%,0.92%,1.32%,0.96%,2.55%
4753,Brannan,7452,91.98%,2.01%,0.66%,0.50%,1.52%,3.34%
4764,Beale,7431,70.97%,23.29%,0.85%,0.54%,2.27%,2.07%
4772,Bucher,7417,94.49%,0.47%,0.69%,0.23%,1.42%,2.71%
4790,Boatwright,7379,61.69%,31.97%,0.34%,0.62%,2.93%,2.45%
4797,Bettencourt,7365,87.55%,0.69%,0.96%,0.38%,2.21%,8.20%
4810,Button,7341,90.41%,3.01%,0.75%,0.84%,1.55%,3.43%
4819,Bristow,7323,82.18%,12.39%,0.70%,0.59%,1.90%,2.25%
4826,Bosch,7312,81.58%,0.29%,1.42%,0.25%,1.27%,15.19%
4836,Bare,7291,90.51%,2.70%,0.97%,0.53%,1.76%,3.52%
4860,Bernhardt,7253,93.81%,0.66%,0.81%,0.59%,1.31%,2.81%
4873,Bobbitt,7230,68.19%,26.07%,0.48%,0.57%,2.17%,2.52%
4881,Bosley,7216,80.71%,13.96%,0.53%,0.64%,2.11%,2.06%
4912,Binkley,7159,93.34%,2.65%,0.46%,0.17%,1.79%,1.59%
4913,Blodgett,7157,93.04%,0.85%,0.48%,1.16%,1.84%,2.63%
4953,Bankston,7101,62.74%,31.18%,0.39%,0.55%,2.76%,2.38%
4974,Backus,7064,87.15%,7.96%,0.54%,0.34%,1.83%,2.19%
4983,Brumley,7046,89.84%,3.87%,0.47%,1.22%,1.89%,2.71%
4984,Brownell,7045,92.85%,2.61%,0.62%,0.48%,1.39%,2.04%
4990,Bickel,7035,95.58%,0.33%,0.55%,0.38%,1.12%,2.03%
5007,Beals,7020,85.07%,9.29%,0.75%,0.74%,1.79%,2.35%
5016,Bozeman,7004,68.58%,26.68%,0.34%,0.53%,2.37%,1.50%
5018,Berkowitz,7000,96.63%,0.33%,0.51%,0.00%,0.53%,2.00%
5024,Boynton,6983,82.00%,12.95%,0.53%,0.96%,1.80%,1.76%
5034,Bastian,6967,84.64%,6.07%,1.19%,0.37%,1.12%,6.60%
5037,Barringer,6964,85.64%,10.25%,0.29%,0.57%,1.26%,1.98%
5047,Beeson,6952,93.33%,0.39%,0.56%,1.28%,1.78%,2.66%
5048,Beardsley,6950,94.03%,0.50%,0.59%,0.43%,1.65%,2.79%
5055,Bowlin,6938,92.29%,2.29%,0.32%,0.92%,2.33%,1.84%
5075,Booher,6900,92.99%,2.22%,0.46%,0.64%,1.25%,2.45%
5077,Bischoff,6897,94.93%,0.23%,0.51%,0.25%,1.01%,3.07%
5085,Belk,6886,75.59%,19.52%,0.80%,0.32%,1.71%,2.06%
5111,Baxley,6852,91.00%,4.42%,0.44%,0.89%,1.37%,1.88%
5117,Bice,6841,93.01%,1.86%,0.53%,0.89%,1.97%,1.74%
5123,Bonham,6832,88.29%,6.15%,0.57%,0.76%,1.79%,2.44%
5137,Bechtel,6813,95.39%,0.37%,0.66%,0.21%,1.45%,1.92%
5142,Brody,6805,91.61%,4.06%,0.81%,0.21%,1.18%,2.15%
5168,Born,6771,94.17%,0.92%,1.57%,0.31%,1.14%,1.91%
5195,Bremer,6733,94.10%,0.77%,0.79%,0.48%,1.31%,2.55%
5218,Brush,6690,93.17%,1.63%,0.69%,0.67%,1.51%,2.33%
5223,Byars,6683,77.05%,17.16%,0.39%,0.94%,2.11%,2.35%
5238,Boettcher,6659,95.89%,0.30%,0.78%,0.42%,1.11%,1.50%
5247,Broadway,6647,64.63%,29.52%,0.42%,0.36%,2.84%,2.23%
5251,Bordelon,6644,93.93%,2.26%,0.39%,0.47%,1.31%,1.64%
5253,Baran,6640,91.57%,0.74%,2.50%,0.20%,1.39%,3.61%
5261,Brasher,6634,89.81%,5.23%,0.65%,0.66%,1.28%,2.37%
5264,Bowe,6628,76.27%,19.00%,0.57%,0.20%,2.20%,1.77%
5274,Burchfield,6612,92.83%,2.50%,0.45%,0.82%,1.57%,1.83%
5275,Byron,6610,78.40%,15.33%,0.79%,0.47%,1.63%,3.39%
5287,Bays,6588,90.35%,4.28%,0.76%,0.70%,1.90%,2.02%
5288,Brodie,6585,65.76%,27.08%,0.91%,0.99%,2.28%,2.99%
5295,Beeman,6578,90.13%,4.48%,0.50%,0.40%,1.55%,2.93%
5297,Birmingham,6577,84.93%,8.79%,0.61%,0.61%,1.51%,3.56%
5309,Beaudoin,6562,92.12%,2.64%,0.62%,0.41%,1.68%,2.53%
5313,Brophy,6557,94.89%,0.34%,0.64%,0.27%,1.24%,2.62%
5323,Beiler,6549,97.56%,0.29%,0.11%,0.17%,0.69%,1.19%
5338,Buell,6522,93.48%,1.06%,0.90%,0.31%,1.58%,2.67%
5369,Brigham,6485,77.96%,16.72%,0.57%,0.46%,1.71%,2.58%
5396,Blanchette,6452,92.89%,2.05%,0.71%,0.17%,1.94%,2.25%
5397,Blaine,6451,78.31%,12.90%,0.88%,3.27%,1.94%,2.70%
5415,Babin,6426,90.54%,4.84%,1.06%,0.34%,1.00%,2.23%
5421,Bogart,6420,93.13%,1.01%,0.59%,0.55%,1.25%,3.47%
5429,Bolling,6414,65.17%,29.67%,0.58%,0.47%,2.04%,2.07%
5471,Book,6356,93.36%,1.54%,1.15%,0.31%,1.84%,1.79%
5472,Bunnell,6355,92.95%,2.14%,0.58%,0.60%,1.87%,1.86%
5477,Bay,6350,83.04%,5.18%,5.31%,0.55%,1.72%,4.20%
5494,Buehler,6333,95.80%,0.25%,0.76%,0.08%,1.53%,1.58%
5533,Boylan,6280,93.11%,2.20%,0.81%,0.16%,1.43%,2.29%
5547,Barham,6266,79.25%,15.51%,0.62%,0.53%,2.27%,1.82%
5563,Browder,6249,68.44%,26.82%,0.46%,0.54%,1.82%,1.90%
5567,Bumgarner,6246,94.75%,0.62%,0.34%,1.12%,1.57%,1.60%
5589,Bruton,6221,66.10%,27.17%,0.35%,0.66%,2.07%,3.65%
5591,Brake,6220,87.32%,6.67%,0.43%,1.21%,1.88%,2.49%
5607,Burd,6202,86.68%,8.37%,0.44%,1.45%,1.24%,1.82%
5632,Bayless,6171,87.47%,6.32%,0.50%,0.47%,2.03%,3.21%
5669,Brister,6123,70.44%,24.58%,0.29%,0.78%,1.45%,2.45%
5692,Barnum,6090,81.38%,11.43%,1.82%,0.33%,2.28%,2.76%
5700,Berndt,6081,95.86%,0.38%,0.54%,0.38%,1.02%,1.83%
5711,Bergen,6074,92.81%,1.71%,0.89%,1.00%,1.38%,2.21%
5716,Bérubé,6067,95.71%,0.23%,0.53%,0.33%,1.42%,1.78%
5734,Bedard,6046,94.71%,1.31%,0.66%,0.40%,1.29%,1.64%
5748,Bott,6029,94.91%,0.33%,0.81%,0.45%,1.72%,1.77%
5754,Bixler,6021,94.24%,0.78%,0.51%,0.58%,1.18%,2.71%
5769,Benefield,6004,81.40%,13.16%,0.42%,1.08%,1.73%,2.22%
5778,Baldridge,5996,87.61%,5.30%,0.65%,1.88%,2.60%,1.95%
5783,Bedell,5989,83.80%,9.43%,0.90%,0.75%,2.22%,2.89%
5787,Beaman,5980,84.90%,9.28%,1.10%,0.75%,1.77%,2.19%
5809,Bard,5953,86.98%,7.17%,0.62%,0.39%,2.13%,2.70%
5823,Boardman,5938,94.59%,0.71%,0.77%,0.40%,1.90%,1.62%
5827,Bridge,5933,90.27%,3.78%,0.84%,0.59%,1.60%,2.92%
5829,Beer,5931,94.13%,0.89%,1.03%,0.44%,1.37%,2.14%
5829,Bettis,5931,70.53%,23.71%,0.44%,0.88%,2.02%,2.43%
5829,Banta,5931,87.79%,1.75%,3.15%,0.86%,1.89%,4.55%
5833,Bloomfield,5928,81.17%,11.81%,2.13%,0.59%,2.21%,2.09%
5838,Bentz,5923,95.02%,0.46%,0.62%,0.30%,1.30%,2.30%
5854,Boatman,5899,79.22%,14.21%,0.56%,0.61%,2.24%,3.17%
5855,Blakley,5898,77.89%,17.29%,0.51%,0.76%,1.81%,1.73%
5869,Baumgardner,5877,94.23%,1.41%,0.61%,0.36%,1.51%,1.87%
5881,Buckman,5868,84.73%,8.76%,0.37%,2.35%,1.87%,1.91%
5897,Bogle,5851,78.79%,14.66%,0.56%,0.89%,2.38%,2.72%
5914,Blume,5826,93.55%,1.97%,0.77%,0.29%,1.30%,2.11%
5917,Bellinger,5825,68.50%,25.13%,0.55%,0.70%,2.11%,3.00%
5919,Behnke,5824,95.91%,0.22%,0.38%,0.50%,1.10%,1.89%
5919,Bode,5824,92.98%,0.64%,1.10%,0.10%,1.44%,3.74%
5936,Ballou,5800,82.79%,10.76%,0.67%,1.48%,1.62%,2.67%
5954,Bartz,5781,95.47%,0.31%,0.66%,0.28%,1.21%,2.08%
5964,Blood,5770,93.62%,1.77%,0.42%,0.66%,1.77%,1.77%
5978,Barden,5755,83.15%,11.54%,0.49%,0.47%,2.09%,2.28%
5978,Beecher,5755,87.16%,6.86%,0.57%,0.96%,1.42%,3.02%
5986,Boring,5746,94.15%,0.54%,0.66%,0.50%,1.46%,2.68%
5990,Banner,5739,69.12%,24.73%,0.59%,0.47%,2.47%,2.61%
5992,Brinker,5736,92.14%,3.87%,0.38%,0.16%,1.27%,2.18%
5995,Bost,5734,78.20%,16.99%,0.51%,0.40%,1.80%,2.11%
5996,Berryhill,5733,76.82%,12.38%,0.40%,6.02%,2.04%,2.34%
6017,Blais,5718,95.52%,0.54%,0.68%,0.19%,1.26%,1.80%
6019,Bayne,5716,85.67%,7.98%,0.89%,0.51%,2.10%,2.85%
6038,Benz,5691,92.78%,0.81%,1.11%,0.39%,1.83%,3.09%
6039,Brummett,5690,93.92%,0.86%,0.39%,0.90%,1.86%,2.07%
6059,Byerly,5661,94.45%,2.26%,0.41%,0.23%,1.18%,1.47%
6062,Boatright,5659,88.73%,6.18%,0.32%,0.92%,1.71%,2.14%
6084,Byrum,5637,90.88%,3.85%,0.32%,1.15%,1.86%,1.93%
6094,Brenneman,5629,96.68%,(S),0.44%,(S),1.08%,1.35%
6094,Briley,5629,80.58%,14.27%,0.25%,0.41%,2.06%,2.43%
6127,Bane,5591,92.34%,2.84%,0.79%,0.80%,1.38%,1.84%
6146,Bromley,5576,91.02%,3.23%,0.68%,0.27%,1.40%,3.41%
6152,Bartel,5568,94.85%,0.61%,0.59%,0.22%,1.31%,2.42%
6174,Bagby,5542,68.64%,24.99%,0.29%,0.74%,2.76%,2.58%
6193,Bigham,5525,83.10%,12.81%,0.31%,0.42%,1.61%,1.76%
6199,Beckner,5516,94.34%,1.81%,0.34%,0.38%,1.16%,1.96%
6205,Burcham,5512,95.39%,0.25%,0.47%,1.09%,1.52%,1.27%
6209,Breland,5510,69.20%,25.46%,0.33%,0.69%,2.18%,2.14%
6214,Bodnar,5502,94.93%,0.33%,0.56%,0.35%,1.53%,2.31%
6220,Birdsong,5498,67.44%,24.45%,0.76%,1.93%,3.55%,1.87%
6226,Bramlett,5494,86.24%,8.72%,0.60%,0.64%,1.89%,1.91%
6235,Brett,5482,92.56%,2.19%,0.88%,0.27%,1.24%,2.86%
6244,Baber,5474,78.97%,12.64%,3.12%,0.82%,1.92%,2.52%
6245,Brookshire,5472,87.04%,8.13%,0.40%,0.82%,1.83%,1.77%
6260,Bushey,5456,94.30%,0.71%,0.38%,0.59%,2.00%,2.02%
6265,Burgin,5453,81.37%,13.26%,0.39%,0.39%,2.44%,2.16%
6291,Beckley,5429,80.00%,14.15%,0.74%,0.44%,2.28%,2.39%
6305,Beason,5414,71.43%,22.66%,0.61%,1.16%,2.09%,2.05%
6315,Bancroft,5404,91.82%,2.46%,0.63%,2.00%,1.28%,1.81%
6321,Bolduc,5401,95.54%,0.17%,0.57%,0.33%,1.57%,1.81%
6323,Burgett,5399,91.20%,2.39%,0.48%,1.30%,2.20%,2.43%
6358,Breeding,5358,91.69%,3.60%,0.30%,0.56%,1.42%,2.43%
6370,Busse,5344,93.68%,0.62%,0.62%,0.82%,1.37%,2.90%
6373,Brazil,5343,70.19%,20.40%,1.59%,0.86%,1.97%,5.00%
6395,Babbitt,5320,89.02%,4.23%,0.60%,1.48%,1.88%,2.78%
6431,Burkhalter,5282,78.51%,15.47%,0.53%,0.74%,2.71%,2.04%
6431,Brehm,5282,94.89%,0.25%,0.57%,0.19%,1.12%,2.99%
6441,Bono,5272,87.88%,3.68%,1.37%,0.30%,1.33%,5.44%
6449,Blessing,5263,93.71%,0.87%,0.51%,0.57%,1.29%,3.04%
6454,Bosworth,5260,92.85%,2.55%,0.59%,0.29%,1.56%,2.17%
6463,Bucci,5256,95.47%,(S),0.57%,(S),0.84%,2.74%
6474,Bill,5246,74.99%,8.12%,1.93%,7.00%,1.68%,6.29%
6480,Burbank,5240,78.32%,3.63%,0.69%,7.52%,2.33%,7.52%
6482,Baier,5238,94.86%,0.50%,0.71%,0.34%,1.24%,2.35%
6484,Broom,5236,69.37%,25.80%,0.29%,0.44%,1.76%,2.35%
6542,Bushnell,5176,86.38%,7.84%,0.71%,0.64%,2.40%,2.03%
6546,Berglund,5173,94.94%,0.25%,0.79%,0.43%,1.43%,2.17%
6588,Beane,5142,87.38%,8.27%,0.45%,0.91%,1.71%,1.28%
6593,Benfield,5138,93.11%,3.60%,0.37%,0.29%,1.38%,1.25%
6626,Barrick,5111,93.90%,0.84%,0.67%,1.19%,1.06%,2.35%
6635,Brumbaugh,5103,95.98%,0.29%,0.57%,0.49%,1.35%,1.31%
6636,Beachy,5102,98.08%,0.31%,0.24%,0.12%,0.61%,0.65%
6654,Brotherton,5086,92.49%,2.62%,0.49%,0.61%,1.44%,2.36%
6656,Burson,5082,82.43%,10.41%,1.04%,1.02%,1.97%,3.13%
6658,Beauregard,5078,87.69%,7.40%,0.53%,0.43%,1.36%,2.58%
6673,Bierman,5064,95.62%,0.26%,0.67%,0.24%,1.32%,1.90%
6699,Bodine,5042,92.84%,1.19%,0.63%,0.69%,2.18%,2.46%
6701,Bissell,5039,94.11%,0.89%,0.40%,0.50%,1.85%,2.26%
6711,Boyette,5032,88.31%,8.39%,0.46%,0.42%,1.03%,1.39%
6717,Brooke,5027,91.76%,2.47%,0.68%,0.32%,1.85%,2.92%
6750,Benge,4995,90.71%,1.14%,0.50%,2.60%,2.54%,2.50%
6755,Boley,4990,89.74%,6.01%,0.64%,0.72%,1.30%,1.58%
6761,Bergmann,4988,94.79%,0.40%,0.58%,0.20%,1.00%,3.03%
6771,Bushman,4981,93.21%,0.54%,0.64%,1.95%,1.59%,2.07%
6774,Brooker,4979,80.92%,14.32%,0.72%,0.48%,1.33%,2.23%
6791,Bowes,4967,89.15%,5.96%,0.85%,0.22%,1.85%,1.97%
6805,Ballenger,4956,81.40%,12.79%,0.50%,0.63%,1.90%,2.78%
6807,Benham,4955,91.06%,3.71%,0.54%,1.03%,1.72%,1.94%
6814,Breckenridge,4949,75.39%,18.04%,0.55%,0.69%,3.17%,2.16%
6823,Brace,4943,87.62%,7.53%,0.53%,0.51%,1.50%,2.33%
6845,Bannon,4921,93.98%,1.30%,0.67%,0.28%,1.14%,2.62%
6846,Burg,4919,94.63%,1.69%,0.81%,0.14%,0.98%,1.75%
6858,Brauer,4906,95.15%,0.43%,0.57%,0.24%,1.20%,2.41%
6858,Braddock,4906,81.74%,12.66%,0.45%,0.47%,2.04%,2.65%
6861,Burford,4905,78.35%,16.09%,0.57%,0.49%,2.08%,2.43%
6888,Beaumont,4878,86.02%,6.83%,0.68%,1.00%,1.54%,3.94%
6928,Borg,4843,93.00%,0.39%,0.81%,0.25%,1.57%,3.99%
6928,Barrington,4843,79.85%,14.14%,0.43%,0.54%,2.13%,2.91%
6943,Brammer,4830,92.61%,3.23%,0.41%,0.35%,1.49%,1.90%
6947,Brockway,4828,94.78%,0.27%,0.58%,0.56%,1.62%,2.20%
6949,Berner,4826,94.51%,0.75%,0.56%,0.23%,0.99%,2.96%
6955,Bly,4823,83.14%,10.66%,0.87%,0.48%,2.47%,2.38%
6958,Boisvert,4821,95.35%,0.60%,0.52%,0.54%,1.60%,1.39%
6965,Bloch,4817,93.79%,1.45%,(S),(S),0.98%,3.01%
6979,Bolinger,4805,95.50%,0.50%,0.37%,0.69%,1.33%,1.60%
6993,Biggers,4792,69.26%,25.10%,0.48%,0.65%,2.17%,2.34%
7001,Bent,4785,60.27%,29.43%,0.65%,0.84%,2.40%,6.42%
7001,Bryce,4785,79.73%,13.12%,1.17%,0.65%,2.22%,3.11%
7006,Barnwell,4781,61.39%,32.59%,0.69%,0.67%,2.34%,2.32%
7025,Blain,4764,80.27%,13.29%,0.59%,0.82%,1.68%,3.36%
7050,Berkley,4750,66.82%,26.80%,0.69%,0.69%,2.11%,2.88%
7054,Barley,4744,74.49%,18.93%,0.53%,1.45%,2.04%,2.55%
7084,Bartell,4726,87.73%,7.64%,0.72%,0.59%,1.40%,1.93%
7084,Botelho,4726,87.64%,0.74%,2.60%,0.36%,4.40%,4.25%
7093,Bemis,4722,94.85%,0.30%,0.72%,0.64%,1.42%,2.08%
7119,Bible,4700,81.74%,8.77%,0.55%,3.11%,2.94%,2.89%
7123,Bowler,4698,86.14%,8.49%,0.70%,0.15%,2.32%,2.19%
7124,Baucom,4696,88.82%,6.26%,0.47%,0.68%,1.60%,2.17%
7133,Brunelle,4688,89.95%,0.62%,0.64%,2.67%,1.79%,4.33%
7140,Boggess,4684,90.58%,4.48%,0.45%,0.81%,1.71%,1.96%
7151,Barta,4678,92.92%,0.36%,1.92%,0.41%,0.94%,3.44%
7165,Bonnell,4668,93.17%,1.11%,0.66%,0.77%,1.63%,2.66%
7167,Bidwell,4667,94.66%,0.34%,0.64%,0.71%,1.50%,2.14%
7182,Boutwell,4654,93.23%,2.04%,0.41%,0.67%,1.83%,1.83%
7184,Burress,4652,79.11%,15.78%,0.43%,0.52%,2.39%,1.78%
7220,Buckles,4623,82.95%,9.24%,0.65%,3.20%,1.90%,2.05%
7221,Brashear,4622,88.86%,4.93%,0.58%,0.71%,2.25%,2.66%
7234,Bybee,4614,93.11%,1.78%,0.46%,0.78%,1.63%,2.25%
7240,Brook,4607,82.92%,11.48%,0.76%,0.78%,1.61%,2.45%
7246,Beltz,4603,93.33%,0.28%,0.93%,0.85%,1.56%,3.04%
7247,Brawner,4601,81.85%,13.82%,0.72%,0.28%,1.67%,1.65%
7253,Belden,4600,93.20%,1.02%,0.46%,0.67%,1.50%,3.15%
7261,Beggs,4590,92.79%,2.18%,0.83%,0.24%,1.70%,2.27%
7274,Botts,4582,84.46%,9.10%,0.59%,1.66%,2.20%,1.99%
7320,Brundage,4558,84.66%,10.05%,1.16%,0.31%,1.80%,2.02%
7320,Blades,4558,80.06%,13.49%,0.46%,0.20%,1.56%,4.23%
7338,Burmeister,4543,95.53%,0.46%,0.59%,0.55%,1.08%,1.78%
7344,Boldt,4538,94.51%,0.40%,0.84%,0.55%,1.54%,2.16%
7377,Batchelder,4517,94.64%,0.73%,0.84%,0.44%,1.33%,2.01%
7393,Bostwick,4502,89.03%,3.53%,1.00%,1.49%,2.47%,2.49%
7399,Bosco,4498,92.49%,1.29%,1.65%,0.24%,0.73%,3.60%
7413,Bonney,4491,78.67%,11.09%,0.76%,1.16%,2.14%,6.19%
7418,Breslin,4490,94.54%,0.22%,0.82%,0.11%,1.56%,2.74%
7434,Bee,4480,66.83%,16.72%,9.82%,1.58%,2.37%,2.68%
7443,Behm,4476,95.82%,0.36%,0.42%,0.29%,1.05%,2.06%
7443,Blackford,4476,89.19%,5.59%,0.47%,0.67%,2.35%,1.74%
7450,Balch,4472,94.21%,0.69%,0.98%,0.42%,1.41%,2.28%
7457,Bessette,4469,94.38%,0.58%,0.54%,0.96%,1.92%,1.61%
7465,Boyett,4465,92.00%,1.75%,0.54%,0.36%,1.97%,3.38%
7468,Beaton,4462,79.11%,12.55%,0.58%,0.31%,1.46%,5.98%
7480,Bilodeau,4454,95.67%,0.18%,0.74%,0.36%,1.66%,1.39%
7481,Blizzard,4453,84.30%,10.85%,0.49%,0.88%,1.73%,1.75%
7494,Boden,4445,94.20%,1.82%,0.61%,0.40%,1.15%,1.82%
7520,Bridgeman,4424,73.94%,20.84%,0.57%,0.41%,2.24%,2.01%
7545,Barbieri,4407,92.63%,(S),0.52%,(S),1.11%,5.42%
7597,Butterworth,4375,95.09%,0.89%,0.34%,0.30%,1.39%,1.99%
7601,Bachmann,4372,95.38%,0.23%,0.69%,0.21%,0.80%,2.70%
7620,Bottoms,4357,85.17%,9.07%,0.48%,0.90%,2.16%,2.23%
7624,Burkey,4354,92.99%,1.86%,0.53%,0.21%,2.18%,2.23%
7629,Brann,4350,83.75%,10.90%,0.41%,0.60%,1.49%,2.85%
7641,Brogdon,4346,77.61%,16.68%,0.48%,0.74%,1.86%,2.62%
7655,Birdwell,4339,91.93%,2.88%,0.55%,1.20%,1.57%,1.87%
7682,Breton,4322,69.20%,4.00%,0.86%,0.16%,1.27%,24.50%
7682,Bevins,4322,90.58%,4.05%,0.37%,1.76%,1.53%,1.71%
7708,Buller,4307,92.85%,2.16%,0.58%,0.65%,0.88%,2.88%
7713,Bussell,4305,84.60%,9.31%,0.77%,1.28%,1.84%,2.21%
7717,Bieber,4301,96.63%,0.21%,0.33%,0.44%,0.84%,1.56%
7734,Beaudry,4293,93.24%,0.51%,0.58%,1.86%,1.54%,2.26%
7739,Ballentine,4289,75.54%,19.10%,0.61%,0.56%,1.68%,2.52%
7743,Bradfield,4288,82.18%,11.96%,0.77%,0.84%,1.91%,2.33%
7762,Bedwell,4276,94.57%,0.63%,0.35%,0.87%,1.54%,2.03%
7783,Bumgardner,4264,94.35%,1.64%,0.49%,0.21%,1.62%,1.69%
7827,Bloomer,4231,90.33%,4.80%,0.40%,0.76%,1.89%,1.82%
7846,Butz,4220,94.86%,0.64%,0.52%,0.19%,0.95%,2.84%
7849,Bloodworth,4218,80.09%,15.65%,0.24%,0.55%,1.28%,2.20%
7854,Brian,4214,82.94%,6.64%,2.25%,1.23%,2.18%,4.75%
7857,Borkowski,4212,97.06%,0.31%,0.28%,0.28%,0.78%,1.28%
7866,Boozer,4208,67.40%,27.42%,0.26%,0.31%,1.95%,2.66%
7870,Bakken,4205,95.84%,0.19%,0.74%,0.43%,1.38%,1.43%
7876,Banker,4201,89.84%,1.55%,4.09%,0.38%,1.88%,2.26%
7896,Brawley,4193,84.09%,10.61%,0.26%,0.57%,1.69%,2.77%
7899,Bunton,4191,65.76%,26.80%,0.64%,0.81%,2.96%,3.03%
7900,Barefoot,4190,95.11%,0.38%,0.21%,1.22%,1.93%,1.15%
7928,Barto,4174,92.38%,1.13%,1.22%,0.81%,1.80%,2.66%
7932,Basinger,4171,95.37%,0.29%,0.48%,0.60%,0.98%,2.28%
7940,Blosser,4167,96.52%,0.17%,0.41%,0.36%,1.44%,1.10%
7955,Beech,4160,86.88%,7.93%,0.99%,0.38%,1.47%,2.36%
7968,Bednar,4151,95.64%,0.34%,0.84%,0.14%,1.37%,1.66%
7992,Breuer,4138,94.49%,1.26%,0.56%,0.53%,1.16%,2.01%
7997,Borchardt,4136,94.71%,0.22%,0.31%,0.73%,0.97%,3.07%
7997,Battista,4136,93.64%,0.60%,0.53%,0.00%,0.92%,4.30%
8019,Bowyer,4127,90.55%,3.83%,0.78%,0.46%,1.48%,2.91%
8023,Bunce,4126,92.51%,1.67%,0.65%,0.78%,1.82%,2.57%
8045,Bevan,4114,93.85%,1.19%,0.73%,0.46%,1.12%,2.65%
8084,Brannen,4101,90.88%,4.58%,0.68%,0.37%,1.66%,1.83%
8097,Burnell,4095,79.49%,14.70%,0.49%,0.78%,2.25%,2.30%
8101,Burrus,4094,60.75%,33.46%,0.49%,0.42%,2.76%,2.13%
8114,Bixby,4086,92.95%,0.86%,0.64%,1.52%,1.96%,2.08%
8124,Brodsky,4083,95.89%,0.34%,0.61%,0.27%,0.56%,2.33%
8144,Basso,4070,87.54%,(S),2.31%,(S),1.92%,7.35%
8153,Brownfield,4067,87.02%,6.93%,0.49%,1.50%,2.26%,1.79%
8178,Brodeur,4053,94.55%,0.15%,0.72%,0.57%,1.92%,2.10%
8189,Boger,4051,86.89%,8.99%,0.59%,0.27%,1.48%,1.78%
8198,Borst,4048,94.44%,1.04%,0.67%,0.27%,1.41%,2.17%
8222,Bosse,4036,90.26%,4.36%,1.04%,0.35%,1.59%,2.40%
8226,Bonin,4034,93.63%,0.77%,0.64%,0.62%,1.39%,2.95%
8239,Bonnett,4023,81.58%,10.71%,1.04%,0.50%,1.99%,4.18%
8244,Blatt,4020,95.70%,0.35%,0.57%,0.57%,0.80%,2.01%
8250,Bullington,4015,94.92%,0.57%,0.47%,0.42%,1.59%,2.02%
8253,Borland,4014,90.03%,2.84%,1.07%,1.05%,2.29%,2.72%
8254,Bigler,4013,95.19%,0.17%,0.70%,0.47%,1.20%,2.27%
8277,Beadle,4005,87.59%,6.84%,0.40%,0.42%,1.75%,3.00%
8291,Bergin,3996,94.82%,0.75%,0.65%,0.40%,1.00%,2.38%
8299,Brainard,3992,93.34%,0.80%,0.60%,0.93%,1.98%,2.35%
8323,Beamer,3981,87.26%,6.66%,0.85%,0.63%,2.29%,2.31%
8328,Bowker,3980,90.03%,0.20%,1.43%,3.17%,2.71%,2.46%
8359,Brunk,3961,92.20%,1.26%,0.66%,2.17%,1.74%,1.97%
8369,Bressler,3956,94.39%,0.68%,0.73%,0.35%,1.21%,2.63%
8388,Board,3946,71.95%,21.01%,0.86%,0.33%,3.19%,2.66%
8419,Buckler,3926,94.83%,2.24%,(S),(S),1.07%,1.48%
8423,Braley,3924,92.18%,2.73%,0.51%,0.64%,2.19%,1.76%
8443,Bergquist,3912,95.09%,0.15%,0.84%,0.28%,1.66%,1.97%
8470,Braithwaite,3898,61.90%,30.66%,0.56%,0.38%,3.10%,3.39%
8472,Burlingame,3897,93.89%,0.26%,0.82%,0.31%,1.98%,2.75%
8501,Bogard,3875,82.25%,13.11%,0.70%,0.70%,1.47%,1.78%
8512,Brazell,3868,83.12%,11.04%,0.47%,0.62%,2.12%,2.64%
8512,Burdett,3868,88.86%,5.02%,0.90%,0.41%,2.40%,2.40%
8536,Bilbrey,3855,95.36%,0.80%,0.29%,0.42%,1.43%,1.71%
8541,Blaney,3854,89.26%,6.67%,0.67%,0.16%,1.17%,2.08%
8551,Blaisdell,3852,93.48%,0.29%,1.25%,0.65%,2.26%,2.08%
8551,Birchfield,3852,89.77%,5.14%,0.34%,0.93%,1.95%,1.87%
8556,Boe,3850,92.00%,1.58%,1.64%,1.19%,1.45%,2.13%
8559,Barwick,3848,93.53%,2.91%,(S),(S),0.91%,2.18%
8562,Bove,3847,92.33%,1.14%,(S),(S),0.75%,5.02%
8594,Bertsch,3832,95.04%,0.23%,0.81%,0.55%,1.51%,1.85%
8609,Borowski,3821,96.94%,0.18%,0.52%,0.26%,0.60%,1.49%
8648,Burdine,3802,77.06%,18.70%,0.29%,0.21%,2.31%,1.42%
8655,Bibb,3796,69.92%,23.87%,0.50%,1.16%,2.48%,2.08%
8659,Behr,3795,95.57%,(S),0.79%,(S),1.42%,1.84%
8665,Bos,3792,94.01%,0.58%,0.84%,0.47%,1.19%,2.90%
8736,Berk,3754,92.41%,1.97%,1.55%,0.24%,0.85%,2.98%
8741,Bitner,3753,94.67%,0.72%,0.69%,0.29%,1.44%,2.18%
8749,Boutin,3749,90.40%,4.91%,0.53%,0.13%,1.33%,2.69%
8761,Bouldin,3744,60.31%,34.46%,0.37%,0.24%,2.54%,2.08%
8775,Bernhard,3735,94.27%,0.62%,1.04%,0.13%,1.37%,2.57%
8800,Belisle,3722,86.11%,6.05%,0.38%,1.56%,1.72%,4.19%
8808,Brim,3717,61.80%,31.96%,0.51%,0.97%,2.82%,1.94%
8834,Bonanno,3709,93.69%,(S),0.49%,(S),1.19%,4.31%
8850,Bowerman,3702,92.27%,1.70%,0.46%,0.65%,1.86%,3.05%
8854,Breault,3700,95.76%,0.32%,0.49%,0.32%,1.41%,1.70%
8854,Bechtold,3700,94.54%,0.38%,1.05%,0.30%,1.03%,2.70%
8861,Barbera,3696,85.69%,1.24%,1.11%,0.19%,1.49%,10.28%
8867,Bretz,3693,93.01%,0.87%,0.95%,0.30%,1.35%,3.52%
8875,Brittingham,3689,74.00%,21.23%,0.33%,0.33%,2.44%,1.68%
8887,Bisson,3685,92.29%,1.76%,0.33%,1.25%,2.33%,2.04%
8900,Brigman,3679,83.96%,7.99%,0.63%,2.58%,1.85%,2.99%
8904,Billington,3678,86.57%,8.73%,0.30%,0.30%,1.77%,2.34%
8914,Blumenthal,3673,94.88%,0.54%,0.71%,0.22%,1.06%,2.59%
8925,Broadwater,3667,74.61%,21.98%,(S),(S),1.72%,1.23%
8944,Blackmore,3660,82.57%,12.02%,0.60%,0.52%,1.53%,2.76%
8946,Blackstone,3659,79.83%,13.42%,0.57%,0.66%,2.65%,2.87%
8975,Bresnahan,3646,95.23%,(S),0.80%,(S),1.23%,2.30%
8977,Bolick,3645,95.83%,0.69%,0.69%,0.19%,1.32%,1.29%
9026,Batt,3622,87.88%,2.29%,1.88%,1.68%,1.63%,4.64%
9029,Barthel,3620,91.44%,3.70%,(S),(S),0.94%,3.12%
9058,Beckmann,3608,94.79%,(S),0.72%,(S),1.00%,3.13%
9066,Broadbent,3605,94.40%,1.14%,0.58%,0.58%,1.55%,1.75%
9074,Buettner,3602,96.09%,0.33%,0.69%,0.36%,0.97%,1.55%
9080,Bellows,3601,90.22%,5.00%,0.56%,0.33%,1.56%,2.33%
9085,Benning,3597,72.28%,22.49%,0.36%,0.22%,2.89%,1.75%
9108,Brack,3588,84.34%,9.36%,0.89%,0.47%,2.01%,2.93%
9118,Berard,3582,87.13%,6.95%,(S),(S),2.01%,3.04%
9119,Beene,3581,72.88%,20.05%,0.39%,1.90%,1.79%,2.99%
9119,Bolding,3581,74.36%,18.93%,0.31%,1.82%,1.73%,2.85%
9164,Boos,3562,94.95%,0.48%,0.87%,0.53%,1.26%,1.91%
9165,Blakeslee,3561,94.80%,0.34%,0.59%,0.45%,1.43%,2.39%
9224,Bozarth,3531,94.02%,0.20%,0.54%,0.82%,2.29%,2.12%
9227,Baugher,3529,95.49%,0.23%,0.85%,0.34%,1.64%,1.45%
9237,Bennet,3523,71.73%,19.93%,0.99%,1.79%,1.96%,3.60%
9237,Brokaw,3523,93.93%,0.99%,0.60%,0.43%,1.82%,2.24%
9245,Bogue,3521,90.83%,1.68%,1.05%,0.71%,1.85%,3.89%
9257,Bakke,3517,95.08%,0.37%,0.63%,0.77%,1.31%,1.85%
