Rank,Name,Count,White,Black,API,AIAN,2+ Races,Hispanic
40,Flores,433969,4.87%,0.42%,2.08%,0.34%,0.36%,91.94%
99,Foster,227764,69.65%,23.94%,0.55%,0.88%,2.33%,2.65%
112,Fisher,214703,82.58%,11.79%,0.55%,0.76%,1.89%,2.43%
137,Ford,184832,62.05%,32.00%,0.45%,0.61%,2.52%,2.37%
142,Fernandez,180842,8.77%,1.15%,5.38%,0.18%,0.93%,83.58%
151,Freeman,169149,65.50%,28.34%,0.52%,0.95%,2.38%,2.30%
180,Fox,152334,88.08%,6.06%,0.56%,1.03%,1.84%,2.42%
188,Ferguson,146426,74.83%,19.19%,0.60%,0.62%,2.23%,2.53%
251,Franklin,120621,54.38%,38.76%,0.54%,0.83%,2.78%,2.70%
281,Fuller,110116,73.22%,21.06%,0.60%,0.63%,2.16%,2.33%
288,Fields,107522,57.66%,35.78%,0.39%,1.24%,2.66%,2.28%
299,Fowler,104515,81.41%,12.89%,0.48%,0.96%,2.10%,2.16%
316,Figueroa,98468,4.93%,0.84%,1.00%,0.15%,0.26%,92.82%
335,Frazier,92152,56.10%,37.36%,0.40%,1.36%,2.51%,2.27%
342,Fleming,90677,71.71%,22.76%,0.62%,0.52%,2.21%,2.19%
382,Fletcher,83063,72.86%,20.92%,0.58%,0.74%,2.30%,2.60%
394,Fuentes,81006,4.56%,0.41%,1.31%,0.19%,0.29%,93.24%
413,Francis,78327,59.48%,30.30%,2.00%,2.07%,2.37%,3.78%
430,Fitzgerald,75356,86.32%,8.82%,0.67%,0.31%,1.65%,2.22%
455,Fischer,72357,94.34%,0.87%,0.61%,0.40%,1.22%,2.56%
476,Franco,69943,15.82%,0.63%,1.74%,0.32%,0.50%,81.00%
480,Farmer,69617,77.16%,17.45%,0.47%,1.05%,1.82%,2.07%
499,Frank,67304,84.54%,7.96%,0.99%,2.23%,1.60%,2.68%
505,Floyd,66454,65.41%,29.21%,0.41%,0.68%,2.30%,2.00%
525,French,63991,85.75%,8.10%,0.66%,1.11%,1.92%,2.45%
534,Flynn,63400,91.91%,3.07%,0.66%,0.60%,1.50%,2.26%
578,Flowers,57549,53.12%,40.28%,0.40%,0.63%,2.80%,2.77%
652,Farrell,52321,89.88%,4.78%,0.73%,0.54%,1.41%,2.65%
661,Foley,51865,92.05%,3.31%,0.73%,0.30%,1.51%,2.10%
822,Frost,42015,86.46%,7.69%,0.74%,0.94%,1.99%,2.19%
833,Frederick,41394,80.13%,14.07%,0.62%,0.82%,1.94%,2.42%
852,Fitzpatrick,40449,85.59%,9.42%,0.60%,0.40%,1.67%,2.32%
863,Felix,40165,17.50%,11.56%,2.80%,0.89%,0.96%,66.29%
898,Farley,38528,83.74%,10.87%,0.57%,0.76%,1.59%,2.46%
901,Friedman,38374,96.05%,0.41%,0.60%,0.13%,0.94%,1.88%
909,Fry,38029,91.09%,3.13%,0.55%,1.14%,1.75%,2.34%
922,Finley,37672,72.30%,21.35%,0.52%,1.24%,2.24%,2.36%
937,Frye,36973,83.04%,11.83%,0.53%,0.98%,1.87%,1.76%
952,Faulkner,36466,79.38%,15.44%,0.45%,0.60%,1.84%,2.28%
1028,Forbes,33813,70.42%,22.51%,0.79%,0.46%,2.22%,3.61%
1043,Ferrell,33418,74.71%,20.16%,0.41%,0.40%,1.90%,2.43%
1055,Fritz,33224,93.12%,2.27%,0.69%,0.37%,1.20%,2.35%
1065,Frey,32904,95.14%,0.93%,0.60%,0.25%,1.19%,1.89%
1083,Fulton,32258,71.16%,22.79%,0.53%,0.96%,2.21%,2.34%
1134,Flanagan,30887,88.84%,6.46%,0.61%,0.40%,1.34%,2.35%
1141,Finch,30769,78.76%,15.46%,0.67%,0.49%,2.01%,2.61%
1165,Franks,30155,82.06%,12.32%,0.54%,0.81%,1.99%,2.27%
1179,Farris,29877,81.56%,12.51%,0.52%,0.81%,2.09%,2.51%
1232,Fink,28701,95.55%,0.31%,0.61%,0.34%,1.11%,2.08%
1234,Foreman,28605,65.78%,27.13%,0.53%,1.56%,2.49%,2.50%
1260,Ferreira,27898,66.54%,3.04%,1.63%,0.46%,2.28%,26.05%
1358,Fraser,25961,78.47%,15.47%,0.89%,0.59%,1.96%,2.62%
1363,Fonseca,25863,18.23%,2.04%,1.07%,0.27%,0.82%,77.57%
1425,Fish,24924,91.87%,1.97%,0.66%,1.94%,1.66%,1.91%
1452,Field,24543,90.45%,3.52%,1.08%,0.55%,1.69%,2.71%
1459,Funk,24419,95.04%,0.38%,0.82%,0.29%,1.40%,2.06%
1481,Francisco,24095,29.20%,3.48%,19.00%,4.50%,1.90%,41.92%
1540,Feldman,23356,95.14%,0.43%,0.50%,0.08%,0.95%,2.90%
1569,Forrest,22954,73.39%,20.34%,0.64%,0.73%,2.44%,2.46%
1662,Feliciano,21667,8.10%,1.21%,5.64%,0.09%,0.90%,84.05%
1721,Finn,20852,90.90%,3.80%,0.65%,0.44%,1.31%,2.89%
1732,Ferris,20703,91.23%,2.21%,0.79%,1.25%,1.55%,2.98%
1774,Fountain,20193,61.91%,32.19%,0.42%,0.53%,2.37%,2.58%
1792,Fontenot,20035,76.68%,18.70%,0.40%,0.42%,1.60%,2.21%
1794,Farr,20011,83.02%,11.81%,0.73%,0.36%,1.83%,2.24%
1885,Fitch,19060,83.83%,8.97%,0.55%,1.46%,2.03%,3.16%
1942,Fair,18609,64.99%,29.24%,0.58%,0.42%,2.56%,2.21%
2007,Fernandes,18018,60.69%,10.13%,13.78%,0.43%,3.56%,11.41%
2013,Flaherty,17926,95.71%,0.45%,0.64%,0.27%,1.13%,1.80%
2018,Fong,17889,4.99%,1.15%,81.11%,0.04%,5.87%,6.83%
2041,Friend,17635,86.40%,7.30%,0.72%,0.73%,2.07%,2.78%
2063,Fagan,17501,84.18%,10.61%,0.55%,0.30%,1.57%,2.79%
2123,Ferrer,17057,11.91%,1.32%,18.83%,0.10%,1.30%,66.55%
2125,Flood,17053,79.27%,14.55%,0.62%,1.30%,1.78%,2.48%
2139,Finney,16939,70.41%,23.30%,0.73%,0.55%,2.75%,2.26%
2144,Frías,16911,7.83%,0.48%,3.13%,0.22%,0.56%,87.77%
2219,Foote,16425,80.82%,11.49%,0.48%,2.11%,2.23%,2.86%
2252,Farias,16153,14.73%,0.38%,0.78%,0.20%,1.00%,82.90%
2263,Faust,16066,84.64%,10.74%,0.63%,0.28%,1.44%,2.27%
2266,Felton,16044,49.01%,45.01%,0.41%,0.34%,2.77%,2.47%
2274,Fenton,16017,88.23%,6.52%,0.66%,0.43%,1.47%,2.70%
2398,Falcon,15125,22.52%,1.93%,1.30%,2.27%,0.86%,71.13%
2399,Flint,15123,85.21%,9.42%,0.61%,0.42%,1.85%,2.48%
2402,Fajardo,15100,4.86%,0.50%,13.28%,0.23%,0.91%,80.21%
2434,Farrar,14892,80.05%,13.87%,0.62%,0.49%,2.10%,2.87%
2440,Fay,14849,92.62%,1.70%,1.00%,0.44%,1.40%,2.84%
2467,François,14593,15.88%,78.04%,0.52%,0.36%,2.59%,2.61%
2505,Fournier,14449,91.94%,0.78%,0.57%,0.53%,1.23%,4.96%
2519,Fierro,14371,14.81%,0.21%,0.29%,0.49%,0.38%,83.81%
2563,Foss,14094,93.91%,0.98%,0.72%,0.62%,1.63%,2.13%
2581,Fairchild,13993,91.68%,2.87%,0.50%,0.58%,1.86%,2.52%
2596,Forrester,13878,84.01%,11.49%,0.36%,0.45%,1.51%,2.18%
2635,Ferrara,13669,93.29%,0.53%,0.66%,0.13%,0.89%,4.50%
2714,Felder,13257,27.25%,66.91%,0.35%,0.31%,2.95%,2.23%
2738,Fabian,13161,48.09%,1.88%,4.03%,0.18%,0.87%,44.94%
2784,Fuchs,12958,95.03%,0.25%,0.78%,0.22%,1.07%,2.64%
2786,Foy,12952,71.73%,22.44%,0.82%,0.47%,1.93%,2.62%
2900,Foust,12366,86.58%,8.75%,0.41%,0.47%,1.73%,2.05%
2903,Ferraro,12355,93.09%,0.70%,0.56%,0.08%,0.96%,4.62%
2939,Farnsworth,12203,94.97%,0.45%,0.52%,0.37%,1.25%,2.43%
2969,Frantz,12079,94.93%,0.91%,0.54%,0.56%,1.14%,1.92%
2982,Forte,12023,63.00%,27.82%,0.82%,0.27%,1.80%,6.28%
2991,Falk,11979,94.33%,0.50%,0.94%,0.23%,1.41%,2.59%
2994,Fallon,11974,93.11%,1.41%,0.72%,0.23%,1.32%,3.21%
3001,Fortner,11951,89.93%,5.41%,0.39%,0.85%,1.77%,1.65%
3005,France,11937,76.88%,16.98%,0.86%,0.74%,2.18%,2.36%
3012,Fontaine,11901,83.54%,9.66%,0.63%,0.38%,1.75%,4.04%
3015,Forman,11894,84.01%,10.86%,0.56%,0.45%,1.57%,2.55%
3020,Fraley,11876,91.85%,3.72%,0.46%,0.58%,1.56%,1.83%
3051,Fortune,11748,56.83%,36.81%,0.74%,0.95%,2.49%,2.19%
3068,Finnegan,11695,95.22%,0.45%,0.74%,0.11%,1.31%,2.16%
3084,Faulk,11656,70.24%,24.98%,0.32%,0.69%,1.88%,1.90%
3097,Fine,11618,91.71%,2.01%,1.67%,0.65%,1.64%,2.32%
3147,Forsythe,11489,90.07%,4.33%,0.57%,0.74%,1.69%,2.60%
3153,Franz,11462,94.04%,0.38%,0.99%,0.32%,1.02%,3.25%
3163,Fennell,11410,65.96%,28.44%,0.39%,0.37%,2.03%,2.80%
3187,Fultz,11342,85.05%,10.34%,0.34%,0.52%,1.99%,1.76%
3270,Freitas,11041,80.17%,1.77%,3.60%,0.26%,5.98%,8.21%
3284,Fanning,11007,88.27%,6.54%,0.46%,0.88%,1.84%,2.01%
3351,Feng,10687,1.89%,(S),96.40%,(S),1.06%,0.41%
3353,Farrow,10672,65.94%,27.46%,0.52%,1.09%,2.87%,2.13%
3377,Florez,10570,9.39%,0.56%,0.82%,0.72%,0.45%,88.05%
3409,Flannery,10497,95.48%,0.49%,0.47%,0.29%,1.34%,1.93%
3419,Fogle,10434,82.09%,13.71%,0.54%,0.36%,1.33%,1.96%
3441,Fugate,10375,91.07%,3.75%,0.43%,0.67%,2.02%,2.05%
3464,Fang,10316,2.84%,0.53%,93.78%,0.11%,1.44%,1.30%
3467,Ferry,10312,91.95%,3.26%,0.68%,0.35%,1.58%,2.18%
3555,Faber,10039,93.27%,2.34%,0.57%,1.08%,1.04%,1.71%
3586,Free,9923,86.82%,7.90%,0.44%,1.53%,1.53%,1.77%
3634,Fisk,9779,92.41%,1.99%,0.90%,0.48%,1.78%,2.43%
3699,Fiore,9606,93.15%,0.43%,0.54%,0.07%,1.00%,4.81%
3702,Frick,9597,94.73%,0.77%,0.70%,0.33%,1.31%,2.16%
3708,Fulmer,9570,93.53%,2.18%,0.48%,0.43%,1.36%,2.02%
3717,Freed,9541,94.86%,1.17%,0.78%,0.36%,1.11%,1.72%
3729,Findley,9505,83.60%,10.58%,0.47%,0.70%,1.85%,2.79%
3740,Feeney,9473,94.93%,0.56%,0.58%,0.22%,1.22%,2.48%
3743,Fairbanks,9466,83.87%,3.91%,0.79%,6.22%,2.84%,2.37%
3811,Fahey,9299,95.39%,0.39%,0.70%,0.20%,1.33%,1.99%
3820,Furman,9273,86.60%,8.01%,0.74%,0.29%,1.60%,2.76%
3826,Fitzsimmons,9260,94.30%,0.82%,0.69%,0.49%,1.63%,2.07%
3844,Farrington,9211,77.79%,17.20%,0.59%,0.27%,1.72%,2.44%
3865,Florence,9177,59.16%,34.65%,0.70%,0.41%,2.03%,3.05%
3895,Forster,9116,91.05%,3.64%,0.92%,0.45%,1.49%,2.45%
3945,Fredrickson,9026,95.13%,0.33%,0.68%,0.39%,1.56%,1.92%
3971,Faircloth,8954,89.78%,4.91%,0.36%,1.43%,1.69%,1.83%
3985,Freedman,8913,94.83%,1.16%,0.79%,0.06%,0.93%,2.24%
4012,Fleck,8852,95.38%,0.58%,0.64%,0.34%,1.25%,1.81%
4024,Fung,8837,3.42%,(S),87.56%,(S),3.72%,3.27%
4027,Frame,8827,91.83%,3.15%,1.00%,0.63%,1.72%,1.67%
4029,Fortin,8814,89.22%,1.33%,1.89%,0.52%,1.66%,5.38%
4043,Flanders,8787,85.39%,9.29%,0.57%,0.48%,1.59%,2.69%
4075,Foltz,8714,95.67%,0.49%,0.46%,0.24%,1.45%,1.69%
4101,Freeland,8653,83.51%,10.54%,0.51%,1.38%,2.09%,1.98%
4102,Fusco,8650,95.24%,0.36%,0.44%,0.07%,1.04%,2.86%
4150,Fries,8540,94.04%,1.07%,0.67%,0.25%,1.26%,2.72%
4162,Fullerton,8517,88.73%,6.00%,0.86%,0.60%,1.70%,2.11%
4194,Forsyth,8450,93.85%,1.20%,0.63%,0.36%,1.35%,2.63%
4197,Fan,8441,2.83%,(S),94.78%,(S),1.39%,0.62%
4235,Fu,8370,2.19%,(S),94.06%,(S),2.00%,1.46%
4267,Faison,8320,18.93%,75.17%,0.19%,0.41%,3.34%,1.96%
4274,Fuqua,8312,71.01%,23.40%,0.64%,0.37%,2.44%,2.14%
4304,Furr,8260,86.91%,8.26%,0.39%,0.53%,1.67%,2.24%
4311,Fogarty,8245,95.05%,1.04%,0.59%,0.15%,0.97%,2.20%
4364,Ferrari,8141,88.49%,0.92%,0.53%,0.10%,1.11%,8.86%
4376,Frasier,8124,64.97%,30.06%,0.47%,0.58%,2.08%,1.85%
4379,Fain,8122,81.83%,12.02%,0.70%,0.81%,2.04%,2.60%
4382,Fort,8117,62.22%,31.02%,0.46%,0.53%,2.08%,3.70%
4466,Fincher,7951,86.10%,9.41%,0.40%,0.83%,1.53%,1.72%
4469,Fellows,7948,89.20%,5.83%,0.62%,0.40%,1.74%,2.21%
4515,Fredericks,7848,80.71%,10.36%,1.07%,2.65%,2.41%,2.80%
4523,Flora,7837,89.70%,2.83%,3.00%,0.27%,1.31%,2.88%
4585,Frazer,7743,80.37%,12.67%,0.54%,0.99%,1.81%,3.62%
4615,Fontana,7685,90.83%,0.69%,0.83%,0.08%,1.09%,6.48%
4619,Fenner,7678,76.80%,17.57%,0.27%,0.72%,1.85%,2.79%
4630,Flick,7661,95.63%,0.30%,0.59%,0.30%,1.12%,2.06%
4640,Flanigan,7648,87.94%,8.08%,0.52%,0.31%,1.35%,1.79%
4649,Fortier,7634,91.58%,2.65%,0.47%,0.35%,1.49%,3.46%
4667,Folsom,7598,87.22%,4.38%,0.74%,2.30%,2.66%,2.70%
4702,Frausto,7547,6.02%,0.17%,0.16%,0.16%,0.20%,93.30%
4714,Fryer,7524,78.23%,16.47%,0.68%,0.53%,1.95%,2.14%
4721,Friesen,7512,93.72%,2.02%,0.65%,0.20%,1.14%,2.26%
4745,Freund,7465,95.89%,0.25%,0.66%,0.13%,0.94%,2.13%
4761,Favela,7439,3.02%,0.07%,0.19%,0.07%,0.11%,96.55%
4770,Falcone,7423,92.63%,0.48%,0.43%,0.13%,0.67%,5.64%
4777,Fiedler,7403,94.93%,0.59%,0.58%,0.46%,1.30%,2.13%
4802,Franke,7359,95.15%,0.48%,0.82%,0.24%,1.07%,2.24%
4843,Ferro,7273,75.99%,0.88%,1.18%,0.14%,0.77%,21.04%
4860,Frankel,7253,95.12%,0.66%,0.76%,0.08%,1.45%,1.93%
4865,Falls,7250,72.33%,21.85%,0.69%,0.50%,2.43%,2.21%
4885,Fazio,7210,94.58%,0.51%,0.51%,0.15%,0.82%,3.43%
4963,Feller,7085,94.59%,0.71%,0.64%,0.58%,1.58%,1.91%
5012,Fried,7010,95.91%,0.43%,0.77%,0.23%,1.10%,1.57%
5029,Friday,6980,61.48%,27.77%,0.73%,5.20%,1.98%,2.85%
5040,Fishman,6962,95.86%,(S),0.63%,(S),0.95%,1.98%
5068,Fielder,6917,74.79%,17.97%,0.49%,1.39%,2.65%,2.72%
5077,Farber,6897,95.33%,0.42%,0.52%,0.19%,0.91%,2.62%
5092,Fannin,6873,87.76%,8.28%,0.68%,0.26%,1.45%,1.56%
5097,Fredrick,6865,75.73%,17.96%,1.73%,0.67%,1.73%,2.17%
5122,Flagg,6834,63.05%,31.71%,0.47%,0.26%,2.46%,2.05%
5158,Furlong,6783,94.07%,0.34%,0.41%,0.22%,1.18%,3.77%
5172,Forney,6755,69.06%,24.28%,0.64%,0.46%,2.77%,2.80%
5182,Fulcher,6745,81.57%,13.92%,0.50%,0.27%,1.73%,2.00%
5202,Fife,6719,88.72%,6.15%,0.42%,0.86%,1.73%,2.13%
5203,Farah,6718,42.13%,48.33%,1.99%,0.36%,2.28%,4.91%
5204,Farkas,6714,95.23%,0.48%,0.54%,0.19%,0.92%,2.64%
5267,Felts,6621,90.36%,5.57%,0.42%,0.80%,1.16%,1.68%
5285,Fortenberry,6589,80.07%,16.06%,0.20%,0.39%,1.67%,1.61%
5333,Ferrante,6532,92.96%,0.95%,0.57%,0.21%,1.33%,3.98%
5394,Fee,6453,91.80%,2.37%,1.36%,0.65%,1.66%,2.15%
5414,Fell,6429,92.24%,3.53%,0.44%,0.25%,1.26%,2.29%
5441,Fairley,6398,31.68%,63.21%,0.33%,0.30%,2.53%,1.95%
5444,Fulkerson,6391,94.55%,0.75%,0.42%,0.55%,1.55%,2.17%
5454,Fawcett,6381,92.40%,1.38%,0.83%,1.38%,1.44%,2.57%
5459,Fike,6374,93.93%,1.79%,0.77%,0.39%,1.52%,1.60%
5462,Felipe,6370,8.26%,0.58%,13.56%,0.86%,1.37%,75.37%
5557,Faria,6257,77.96%,2.45%,3.23%,0.51%,2.49%,13.36%
5563,Friedrich,6249,96.03%,0.13%,0.53%,0.08%,1.07%,2.16%
5575,Flemming,6234,55.82%,37.70%,1.03%,0.27%,2.94%,2.25%
5700,Fielding,6081,86.66%,6.81%,0.69%,0.79%,1.94%,3.11%
5702,Funes,6079,5.53%,0.46%,0.56%,0.10%,0.16%,93.19%
5725,Funderburk,6058,71.44%,24.78%,0.30%,0.33%,1.39%,1.77%
5732,Freese,6047,94.21%,0.94%,0.48%,0.38%,1.37%,2.61%
5740,Futrell,6038,68.17%,26.71%,0.41%,0.63%,2.24%,1.84%
5743,Fender,6034,93.12%,2.62%,0.35%,0.63%,1.39%,1.89%
5759,Flack,6016,86.49%,9.57%,0.50%,0.22%,1.51%,1.71%
5762,Fitts,6014,69.55%,25.71%,0.28%,0.52%,1.83%,2.11%
5778,Folk,5996,82.71%,12.32%,1.02%,0.32%,1.75%,1.88%
5810,Federico,5951,70.34%,0.62%,2.02%,0.25%,0.81%,25.96%
5835,Fore,5927,82.23%,11.84%,0.71%,0.73%,1.99%,2.50%
5838,Frierson,5923,27.57%,67.33%,0.25%,0.25%,2.63%,1.96%
5861,Fancher,5888,90.08%,5.33%,0.48%,0.44%,1.66%,2.00%
5864,Fritts,5883,92.52%,2.24%,0.56%,0.80%,1.58%,2.29%
5907,Frizzell,5840,92.11%,3.10%,0.21%,0.84%,1.30%,2.45%
6052,Fogg,5669,80.60%,14.09%,0.72%,0.58%,2.17%,1.83%
6066,Fite,5656,85.01%,9.02%,0.28%,1.04%,2.21%,2.44%
6088,Farina,5633,87.50%,0.62%,1.08%,0.09%,1.33%,9.37%
6100,Franzen,5621,95.11%,0.18%,0.73%,0.55%,1.23%,2.21%
6123,Fernando,5596,8.88%,2.45%,62.79%,2.43%,5.22%,18.23%
6171,Fouts,5545,93.60%,0.74%,1.12%,1.03%,1.82%,1.70%
6250,Furtado,5464,81.52%,3.50%,4.92%,0.24%,3.81%,6.02%
6321,Faris,5401,87.89%,2.28%,1.76%,0.39%,2.35%,5.33%
6357,Flinn,5359,93.49%,2.86%,0.65%,0.35%,1.03%,1.62%
6370,Flournoy,5344,42.61%,50.36%,0.58%,0.32%,3.29%,2.84%
6405,Fick,5311,94.63%,0.21%,0.70%,0.72%,1.34%,2.41%
6431,Fix,5282,95.02%,0.38%,0.87%,0.49%,1.44%,1.80%
6452,Feliz,5261,6.14%,1.16%,0.67%,1.33%,0.30%,90.40%
6479,Flory,5243,94.87%,0.71%,0.72%,0.36%,1.49%,1.85%
6548,Fenn,5172,83.47%,10.31%,1.22%,0.33%,1.95%,2.73%
6658,Frazee,5078,94.23%,0.43%,0.37%,0.71%,1.36%,2.89%
6661,Forest,5076,65.76%,28.23%,0.93%,0.28%,2.11%,2.70%
6664,Fidler,5068,94.51%,1.18%,0.49%,0.55%,1.46%,1.80%
6664,Flatt,5068,94.40%,0.99%,0.47%,0.99%,1.46%,1.70%
6676,Fall,5060,66.48%,27.09%,0.53%,1.82%,1.76%,2.31%
6678,Fermín,5057,8.29%,3.22%,10.44%,(S),(S),77.10%
6691,Fricke,5048,95.11%,0.10%,0.81%,0.61%,1.27%,2.10%
6704,Forester,5037,89.06%,4.69%,0.44%,0.46%,1.85%,3.51%
6710,Frisch,5033,95.59%,0.56%,0.74%,0.26%,0.93%,1.93%
6713,Forde,5031,42.10%,50.11%,0.91%,0.32%,2.37%,4.19%
6739,Finger,5004,87.73%,7.57%,0.74%,0.60%,1.36%,2.00%
6746,Fraga,4998,25.43%,0.68%,0.72%,0.12%,0.86%,72.19%
6784,Fogel,4973,92.74%,1.07%,0.76%,0.44%,1.33%,3.66%
6788,Fregoso,4969,4.31%,(S),0.24%,0.14%,(S),95.19%
6793,Fuhrman,4965,96.98%,0.22%,0.54%,0.32%,0.95%,0.99%
6835,Fleury,4934,76.19%,16.21%,0.55%,2.33%,2.19%,2.53%
6838,Fast,4929,94.85%,0.57%,0.71%,0.41%,1.54%,1.93%
6900,Feaster,4871,54.49%,41.31%,0.31%,0.35%,1.54%,2.01%
6914,Fortney,4853,91.06%,3.44%,0.54%,0.78%,1.92%,2.27%
6930,Fordham,4838,67.30%,27.57%,0.37%,0.27%,2.00%,2.48%
6974,Fussell,4810,82.25%,13.06%,0.29%,0.44%,1.62%,2.35%
7001,Fulk,4785,95.46%,1.19%,0.65%,0.38%,1.27%,1.04%
7027,Fears,4762,47.21%,44.90%,0.71%,0.73%,3.53%,2.92%
7038,Farnham,4757,95.21%,0.27%,0.65%,0.59%,1.51%,1.77%
7073,Freitag,4733,94.68%,0.57%,0.74%,0.11%,1.42%,2.49%
7113,Friel,4703,93.77%,0.57%,0.83%,0.36%,1.76%,2.70%
7126,Falco,4695,92.06%,(S),0.98%,(S),0.81%,5.54%
7135,Fowlkes,4686,41.55%,52.65%,0.32%,0.51%,2.97%,2.01%
7247,Fraire,4601,5.61%,0.15%,0.11%,0.41%,0.20%,93.52%
7254,Fenwick,4597,74.44%,19.49%,0.91%,0.26%,2.87%,2.02%
7255,Feinberg,4596,94.93%,(S),1.00%,(S),0.96%,2.59%
7258,Finkelstein,4591,95.49%,0.24%,0.91%,0.15%,0.72%,2.48%
7258,Futch,4591,78.15%,16.92%,0.39%,0.24%,2.05%,2.24%
7268,Fullmer,4585,94.48%,0.50%,0.59%,0.33%,1.55%,2.55%
7387,Findlay,4509,82.52%,11.60%,0.75%,0.27%,1.66%,3.19%
7392,Froehlich,4504,95.71%,0.36%,0.47%,0.31%,1.31%,1.84%
7408,Fanelli,4493,94.88%,(S),0.65%,(S),0.96%,3.32%
7434,Firestone,4480,94.91%,0.38%,0.71%,0.33%,1.32%,2.34%
7437,Fontes,4478,52.84%,10.94%,1.90%,0.36%,3.55%,30.42%
7446,Fetters,4473,92.67%,1.63%,0.67%,0.72%,2.06%,2.26%
7473,Fillmore,4457,80.95%,12.30%,0.56%,1.26%,2.42%,2.51%
7545,Fudge,4407,63.31%,30.95%,0.39%,0.34%,2.95%,2.06%
7676,Flake,4326,83.40%,11.23%,1.43%,0.53%,1.85%,1.55%
7730,Favors,4295,17.53%,77.81%,(S),(S),2.56%,1.68%
7732,Forsberg,4294,95.27%,0.21%,0.63%,0.30%,1.77%,1.82%
7765,Fortson,4273,41.33%,52.26%,0.26%,0.19%,2.86%,3.11%
7767,Fehr,4272,94.08%,0.19%,0.70%,0.21%,1.24%,3.58%
7778,Fragoso,4267,9.91%,0.63%,0.19%,0.23%,0.23%,88.80%
7858,Florio,4211,93.94%,0.57%,(S),(S),0.88%,4.18%
7882,Fritsch,4199,96.09%,0.14%,0.36%,0.29%,0.81%,2.31%
8029,Fulford,4123,81.64%,14.63%,0.34%,0.44%,1.24%,1.72%
8046,Felker,4113,93.68%,2.02%,0.46%,0.71%,1.41%,1.73%
8055,Fant,4111,60.23%,34.01%,0.75%,0.32%,1.90%,2.80%
8060,Fiske,4110,93.26%,1.19%,0.97%,0.44%,1.90%,2.24%
8067,Force,4108,92.92%,2.36%,0.63%,0.41%,1.75%,1.92%
8084,Feeley,4101,94.83%,0.39%,0.68%,0.17%,1.56%,2.37%
8093,Flickinger,4097,96.63%,0.20%,0.73%,0.29%,0.73%,1.42%
8135,Farfán,4075,6.92%,1.18%,1.01%,0.25%,0.52%,90.13%
8155,Fitzwater,4066,95.47%,0.59%,0.44%,0.32%,1.43%,1.75%
8184,Finnerty,4052,94.92%,0.20%,0.67%,0.12%,1.28%,2.81%
8201,Fortunato,4047,81.79%,(S),1.88%,(S),1.04%,14.33%
8222,Fontanez,4036,6.86%,1.61%,0.32%,(S),(S),91.13%
8239,Freeze,4023,93.02%,2.86%,0.32%,0.42%,1.42%,1.96%
8323,Faith,3981,91.96%,2.31%,0.88%,0.75%,1.76%,2.34%
8323,Fleischer,3981,93.47%,0.80%,1.06%,0.18%,0.93%,3.57%
8339,Funkhouser,3971,96.02%,0.53%,0.60%,0.15%,1.01%,1.69%
8350,Frisby,3964,69.07%,20.33%,0.61%,0.76%,3.33%,5.90%
8392,Fetter,3944,93.86%,0.86%,0.84%,0.74%,1.52%,2.18%
8482,Frink,3888,70.96%,23.46%,0.59%,0.46%,2.13%,2.39%
8506,Frisbie,3872,93.83%,0.23%,0.57%,1.14%,1.76%,2.48%
8567,Fitz,3846,73.71%,13.00%,0.78%,0.29%,1.14%,11.08%
8581,Franck,3838,86.50%,6.98%,0.68%,0.16%,1.33%,4.35%
8610,Felt,3820,94.14%,1.23%,0.84%,0.31%,1.26%,2.23%
8611,Fleetwood,3819,78.42%,15.40%,0.34%,2.07%,1.96%,1.81%
8681,Feist,3784,92.76%,2.01%,0.58%,0.34%,1.48%,2.83%
8690,Forehand,3779,84.31%,11.30%,0.61%,0.79%,1.75%,1.24%
8761,Files,3744,76.68%,17.04%,0.29%,0.72%,2.38%,2.88%
8789,Florian,3731,52.21%,3.38%,0.38%,0.35%,0.51%,43.18%
8817,Fabela,3713,8.73%,0.24%,1.48%,0.94%,0.13%,88.47%
8828,Flower,3711,84.48%,8.73%,0.81%,0.65%,1.99%,3.34%
8917,Freer,3671,90.30%,2.83%,0.90%,0.82%,1.69%,3.46%
8959,Ferrier,3654,83.11%,10.29%,0.88%,0.60%,2.19%,2.93%
8965,Fleenor,3651,96.06%,0.30%,0.33%,0.19%,1.29%,1.84%
8999,Fiorentino,3635,70.37%,(S),1.71%,(S),0.85%,26.44%
9064,Fortuna,3606,69.94%,2.25%,2.88%,0.14%,0.80%,23.99%
9068,Frith,3604,78.22%,15.82%,0.58%,0.44%,2.25%,2.69%
9108,Fey,3588,94.26%,0.70%,1.09%,0.22%,1.17%,2.56%
9190,Fetzer,3550,95.63%,0.25%,0.51%,0.34%,1.13%,2.14%
9195,Fleischman,3547,95.63%,0.56%,0.59%,0.14%,0.82%,2.26%
9224,Fulks,3531,78.36%,16.74%,0.40%,0.51%,1.78%,2.21%
9301,Fann,3499,72.91%,16.58%,4.89%,0.49%,2.29%,2.86%
9378,Foxworth,3469,53.01%,42.58%,0.40%,0.40%,1.47%,2.13%
9381,Frechette,3468,93.08%,0.46%,0.72%,2.42%,1.44%,1.87%
9440,Falconer,3446,71.18%,20.28%,0.75%,0.70%,2.79%,4.29%
9506,Frederickson,3419,94.27%,0.99%,0.64%,0.20%,1.61%,2.28%
9578,Finke,3394,96.14%,0.24%,0.50%,0.50%,1.36%,1.27%
9667,Faught,3357,94.22%,0.30%,0.24%,0.74%,1.46%,3.04%
9710,Feltner,3341,96.41%,0.39%,0.30%,0.33%,1.23%,1.35%
9730,Felice,3333,89.20%,3.57%,0.42%,0.18%,1.08%,5.55%
9733,Frakes,3332,91.75%,1.71%,0.93%,0.81%,1.83%,2.97%
9736,Fryman,3329,95.10%,1.20%,0.15%,0.15%,1.11%,2.28%
9747,Frady,3325,95.34%,0.57%,0.30%,0.63%,1.14%,2.02%
9761,Fenske,3320,95.03%,0.30%,0.75%,0.24%,0.93%,2.74%
9770,Fessler,3316,96.11%,0.45%,0.54%,0.33%,1.03%,1.54%
9808,Foran,3301,93.49%,1.12%,1.09%,0.15%,1.33%,2.82%
9865,Farlow,3279,84.48%,11.71%,0.55%,0.52%,1.16%,1.59%
9899,Frugé,3266,84.84%,10.13%,0.34%,0.37%,1.38%,2.94%
9966,Furlow,3237,50.05%,43.78%,0.62%,0.34%,2.53%,2.69%
9976,Featherstone,3234,69.08%,25.17%,0.56%,0.62%,2.07%,2.50%
9978,Frampton,3233,92.36%,2.78%,0.80%,0.19%,0.80%,3.06%
10011,Frawley,3221,96.27%,0.31%,0.68%,0.19%,0.56%,1.99%
10050,Feinstein,3205,95.66%,(S),0.75%,(S),1.12%,2.22%
10136,Firth,3181,94.84%,0.38%,1.07%,0.31%,1.54%,1.85%
10150,Finnell,3178,80.90%,13.06%,0.79%,0.63%,2.67%,1.95%
10167,Feathers,3173,88.34%,2.93%,0.38%,4.00%,2.43%,1.92%
10250,Fuson,3145,90.91%,0.41%,0.51%,3.47%,2.42%,2.29%
10255,Fitzhugh,3144,71.34%,23.06%,0.54%,0.51%,2.45%,2.10%
10287,Ferrera,3133,46.70%,1.44%,2.46%,(S),(S),48.26%
10292,Fishel,3131,92.72%,2.68%,0.64%,0.48%,1.12%,2.36%
10348,Foor,3113,95.34%,0.64%,1.06%,0.26%,1.28%,1.41%
10372,Fasano,3107,93.56%,(S),1.06%,(S),1.13%,3.80%
10373,Fiscus,3106,95.52%,0.35%,0.45%,0.45%,1.42%,1.80%
10377,Fromm,3105,94.56%,0.52%,0.81%,0.52%,1.58%,2.03%
10395,Felty,3100,94.87%,0.58%,0.74%,0.32%,1.74%,1.74%
10402,Falkner,3097,82.66%,13.63%,0.45%,0.26%,1.16%,1.84%
10402,Faller,3097,89.18%,2.39%,3.42%,0.19%,1.58%,3.23%
10416,Froelich,3090,95.95%,0.19%,0.52%,0.39%,1.20%,1.75%
10445,Foxx,3080,45.94%,46.66%,0.49%,1.30%,3.41%,2.21%
10468,Foshee,3070,92.70%,2.96%,0.52%,0.98%,1.37%,1.47%
10487,Finkel,3060,95.29%,(S),0.85%,(S),1.24%,2.06%
10491,Ferri,3059,93.72%,(S),0.59%,(S),1.01%,4.28%
10499,Fulbright,3056,81.77%,13.97%,0.29%,0.39%,2.00%,1.57%
10510,Ferrel,3054,51.80%,5.17%,0.43%,0.92%,0.95%,40.73%
10541,Farren,3042,94.31%,0.99%,1.22%,0.56%,1.08%,1.84%
10649,Ferree,3004,92.61%,1.50%,1.03%,0.37%,1.13%,3.36%
10717,Farwell,2981,90.84%,3.99%,0.54%,0.81%,1.24%,2.58%
10717,Featherston,2981,84.77%,9.76%,0.67%,0.57%,1.95%,2.28%
10721,Finlay,2980,88.22%,4.53%,0.74%,0.17%,1.81%,4.53%
10743,Fifer,2971,73.34%,20.16%,0.54%,1.08%,2.29%,2.59%
10756,Flesher,2966,94.84%,0.51%,0.47%,0.30%,1.48%,2.39%
10805,Follett,2950,94.10%,0.85%,1.12%,0.54%,1.36%,2.03%
10844,Fedor,2937,95.68%,(S),0.78%,(S),1.36%,1.43%
10903,Fabrizio,2920,94.79%,(S),0.38%,(S),0.48%,4.08%
10914,Faul,2916,89.47%,4.73%,1.37%,0.62%,1.44%,2.37%
10914,Ferretti,2916,87.38%,1.17%,(S),(S),0.93%,9.95%
10935,Furey,2911,93.54%,1.82%,0.82%,0.27%,1.17%,2.37%
10964,Fluker,2901,21.85%,72.60%,0.24%,0.28%,2.65%,2.38%
10983,Ferrin,2896,87.43%,1.83%,0.62%,0.17%,1.38%,8.56%
11016,Fryar,2887,65.19%,27.57%,0.24%,1.35%,3.08%,2.56%
11026,Feder,2884,95.60%,0.80%,(S),(S),0.90%,2.01%
11031,Farthing,2882,93.72%,2.53%,0.31%,0.42%,1.35%,1.67%
11035,Foret,2881,89.03%,0.90%,0.21%,4.89%,1.70%,3.26%
11047,Friedlander,2878,93.61%,0.42%,1.15%,1.81%,1.25%,1.77%
11109,Fiala,2856,93.56%,(S),1.02%,(S),1.16%,3.47%
11241,Feldmann,2812,96.23%,(S),0.53%,(S),0.89%,1.96%
11308,Fults,2793,90.73%,5.62%,0.25%,0.82%,0.90%,1.68%
11312,Foerster,2792,95.09%,0.29%,0.57%,0.29%,1.76%,2.01%
11322,Fleet,2787,75.82%,18.59%,0.47%,0.79%,2.37%,1.97%
11402,Feld,2766,94.18%,1.95%,(S),(S),0.80%,2.57%
11448,Fierros,2751,4.18%,0.18%,(S),0.22%,(S),95.24%
11456,Frandsen,2750,95.24%,0.33%,0.36%,0.22%,1.49%,2.36%
11584,Farquhar,2714,90.79%,3.46%,0.63%,0.74%,1.77%,2.62%
11612,Fabre,2702,51.78%,20.61%,2.15%,0.41%,2.04%,23.02%
11622,Fifield,2699,93.55%,0.22%,0.78%,0.37%,2.22%,2.85%
11631,Fetterman,2695,96.81%,0.19%,0.26%,0.22%,1.19%,1.34%
11653,Ferdinand,2690,35.32%,54.28%,1.78%,0.26%,2.27%,6.10%
11653,Foti,2690,94.57%,0.45%,0.82%,0.00%,1.08%,3.09%
11675,Fredette,2685,93.52%,0.45%,0.41%,0.30%,2.20%,3.13%
11719,Feather,2674,84.48%,2.54%,0.45%,9.65%,1.57%,1.31%
11746,Farner,2667,90.89%,4.95%,0.30%,0.52%,1.57%,1.76%
11759,Fondren,2664,65.58%,30.29%,0.19%,0.53%,1.76%,1.65%
11759,Frahm,2664,96.17%,(S),0.60%,(S),1.46%,1.46%
11801,Feagin,2653,63.66%,31.85%,(S),(S),1.92%,1.96%
11870,Fogleman,2638,94.01%,0.68%,0.45%,1.36%,1.67%,1.82%
11870,Fordyce,2638,91.77%,5.23%,(S),(S),1.10%,1.52%
11904,Fairfield,2630,91.10%,1.79%,0.84%,0.46%,1.44%,4.37%
11925,Festa,2626,93.91%,0.72%,(S),(S),1.07%,3.54%
11971,Funke,2609,95.67%,(S),0.65%,(S),1.30%,1.72%
11977,Fleshman,2608,84.78%,9.43%,0.61%,0.77%,1.57%,2.84%
12040,Fredricks,2592,83.29%,10.19%,0.62%,1.04%,2.01%,2.85%
12072,Fuselier,2583,71.85%,23.85%,0.50%,0.43%,1.66%,1.70%
12082,Fujimoto,2580,6.59%,(S),78.02%,(S),13.02%,2.29%
12164,Faucher,2562,91.92%,4.14%,0.51%,0.35%,1.33%,1.76%
12180,Frerichs,2559,96.40%,(S),0.55%,(S),1.09%,1.48%
12250,Fales,2539,93.07%,0.55%,0.71%,0.79%,1.50%,3.39%
12333,Furst,2521,95.44%,(S),0.60%,(S),1.19%,2.14%
12339,Fulgham,2520,63.97%,30.60%,0.20%,0.44%,2.42%,2.38%
12423,Fisch,2502,95.36%,(S),0.48%,(S),0.88%,2.96%
12426,Fellers,2501,94.16%,1.28%,0.80%,0.28%,1.44%,2.04%
12491,Fern,2482,88.36%,0.81%,2.50%,0.36%,1.53%,6.45%
12514,Freire,2477,30.36%,1.98%,0.65%,(S),(S),66.49%
12541,Fairman,2470,77.45%,15.99%,0.53%,0.24%,2.71%,3.08%
12597,Flynt,2457,87.91%,8.02%,0.33%,0.28%,1.38%,2.08%
12597,Friese,2457,94.95%,0.45%,0.69%,0.73%,1.59%,1.59%
12602,Friedel,2456,95.15%,0.29%,0.53%,0.53%,1.55%,1.95%
12637,Fyffe,2449,81.63%,14.21%,0.90%,0.41%,1.14%,1.71%
12652,Fullen,2445,82.29%,11.53%,0.49%,0.37%,2.37%,2.94%
12670,Figueiredo,2439,89.50%,1.60%,(S),(S),1.76%,5.70%
12682,Filer,2436,80.13%,14.90%,0.74%,0.37%,2.09%,1.77%
12694,Fentress,2432,62.54%,31.17%,0.29%,0.37%,3.00%,2.63%
12711,Fackler,2429,95.10%,0.49%,0.95%,0.00%,1.44%,2.02%
12744,Fuerte,2422,3.06%,(S),7.60%,(S),1.57%,87.65%
12757,Frei,2419,94.38%,(S),0.74%,(S),1.65%,2.98%
12795,Fye,2410,89.54%,6.64%,0.37%,0.37%,1.24%,1.83%
12861,Folks,2394,59.69%,30.79%,(S),(S),2.84%,6.14%
12904,Fahy,2382,96.39%,(S),0.88%,(S),0.97%,1.60%
12953,Feltman,2371,95.40%,0.30%,0.63%,0.34%,1.52%,1.81%
12971,Fein,2367,95.56%,(S),0.51%,(S),1.14%,2.37%
12971,Fridley,2367,96.37%,0.25%,0.25%,0.42%,1.44%,1.27%
13010,Fikes,2359,60.96%,32.47%,0.34%,0.30%,3.26%,2.67%
13115,Foulk,2337,92.77%,1.58%,(S),(S),1.75%,3.34%
13127,Flannigan,2334,81.28%,14.82%,0.60%,0.34%,1.54%,1.41%
13148,Folger,2328,92.10%,1.07%,0.56%,2.10%,1.03%,3.14%
13203,Friedland,2315,95.85%,(S),0.86%,(S),1.21%,1.60%
13263,Franko,2301,81.40%,0.74%,0.83%,0.96%,1.22%,14.86%
13283,Flippen,2296,69.86%,23.87%,0.52%,0.44%,2.35%,2.96%
13306,Few,2292,63.26%,31.68%,0.57%,0.31%,2.66%,1.53%
13330,FitzMaurice,2288,94.06%,(S),1.05%,(S),1.14%,3.10%
13356,Forst,2283,94.83%,1.05%,(S),(S),1.10%,2.37%
13360,Farnum,2281,86.63%,6.80%,0.83%,0.48%,2.06%,3.20%
13376,Ferland,2277,92.89%,1.54%,0.75%,0.35%,1.23%,3.25%
13383,Finan,2276,83.52%,(S),10.76%,(S),2.20%,2.77%
13397,Faucett,2274,88.13%,6.60%,0.57%,0.57%,2.02%,2.11%
13407,Finlayson,2273,89.05%,5.50%,1.28%,0.44%,1.50%,2.24%
13431,Figueredo,2269,15.51%,(S),1.19%,(S),0.62%,82.06%
13435,Forshee,2268,88.84%,7.54%,(S),(S),1.19%,1.90%
13470,Folse,2260,86.33%,10.04%,0.31%,0.27%,1.19%,1.86%
13472,Farhat,2259,80.92%,(S),7.44%,(S),6.29%,3.67%
13486,Freda,2253,95.52%,0.71%,(S),(S),1.02%,1.91%
13497,Fleener,2250,94.09%,0.76%,0.58%,0.62%,0.98%,2.98%
13505,Fewell,2247,74.90%,19.14%,0.49%,0.22%,2.58%,2.67%
13531,Funches,2242,10.44%,83.94%,(S),(S),3.17%,1.96%
13551,Finck,2237,96.07%,(S),0.67%,(S),1.03%,1.65%
13551,Flanary,2237,94.10%,1.30%,0.49%,0.72%,2.06%,1.34%
13627,Farrer,2222,89.15%,5.76%,0.36%,0.41%,0.95%,3.38%
13627,Frances,2222,53.65%,22.77%,2.25%,2.25%,1.94%,17.15%
13640,FitzGibbons,2221,93.56%,1.04%,0.86%,0.00%,1.71%,2.84%
13646,Fargo,2219,91.35%,2.52%,0.54%,1.89%,1.44%,2.25%
13646,Fincham,2219,94.50%,1.13%,0.81%,0.27%,2.07%,1.22%
13660,FitzGibbon,2216,94.22%,0.86%,0.59%,0.63%,1.49%,2.21%
13703,Foos,2209,95.29%,0.36%,0.32%,0.45%,1.31%,2.26%
13721,Fleischmann,2206,95.97%,(S),0.50%,(S),0.73%,2.31%
13764,Furness,2198,92.13%,2.87%,0.59%,0.36%,1.68%,2.37%
13775,Forsman,2196,94.08%,0.50%,0.36%,0.96%,1.68%,2.41%
13798,Fassett,2191,85.58%,7.90%,0.41%,1.41%,1.41%,3.29%
13850,Ferber,2182,93.45%,0.78%,0.60%,0.37%,1.65%,3.16%
13867,Flock,2179,93.07%,0.28%,1.24%,1.10%,1.56%,2.75%
13911,Forcier,2171,95.39%,0.00%,0.28%,0.23%,1.52%,2.58%
13933,Flippo,2167,93.40%,0.46%,0.65%,1.34%,1.52%,2.63%
14042,Fly,2145,82.28%,11.84%,0.51%,1.72%,1.31%,2.33%
14064,Fallin,2140,83.79%,9.39%,0.70%,1.21%,2.52%,2.38%
14064,Frison,2140,26.54%,67.99%,0.42%,0.23%,2.66%,2.15%
14070,Font,2138,33.44%,2.48%,1.03%,0.23%,0.65%,62.16%
14119,Faz,2128,5.92%,(S),(S),(S),(S),93.70%
14127,Foye,2127,56.23%,38.32%,0.94%,0.52%,1.93%,2.07%
14139,Fujii,2125,5.74%,(S),81.60%,(S),9.84%,2.68%
14160,Fabiano,2121,94.77%,0.71%,0.47%,0.00%,0.85%,3.21%
14172,Falzone,2119,94.20%,0.61%,0.28%,0.00%,1.04%,3.87%
14208,Fichter,2113,95.17%,(S),0.76%,(S),1.23%,2.27%
14213,Fodor,2112,94.65%,(S),0.52%,(S),1.70%,2.75%
14215,Fluharty,2111,97.39%,(S),0.47%,(S),0.95%,0.90%
14238,Fretwell,2106,87.56%,5.08%,0.85%,1.28%,2.42%,2.80%
14338,Fimbres,2087,8.67%,(S),(S),1.49%,0.38%,89.08%
14349,Fedele,2085,94.10%,1.01%,0.77%,0.00%,0.86%,3.26%
14349,Focht,2085,95.44%,(S),(S),0.67%,1.44%,1.73%
14382,Fails,2078,56.16%,38.93%,0.29%,0.82%,2.07%,1.73%
14409,Fluellen,2074,3.13%,91.42%,(S),(S),2.70%,2.27%
14419,Foutz,2073,91.37%,2.85%,0.29%,0.68%,1.59%,3.23%
14443,Fenstermaker,2069,96.76%,0.24%,0.24%,0.29%,1.11%,1.35%
14458,Fray,2066,61.62%,29.91%,1.06%,0.44%,1.98%,4.99%
14468,Flavin,2064,95.30%,(S),0.82%,(S),0.68%,2.81%
14489,Freels,2060,90.34%,5.44%,0.53%,0.44%,1.46%,1.80%
14492,Fresquez,2059,13.65%,(S),0.44%,0.97%,(S),84.46%
14495,Fleisher,2058,95.68%,(S),0.87%,(S),1.51%,1.41%
14495,Freel,2058,94.66%,0.97%,0.49%,0.00%,0.68%,3.21%
14495,Fuerst,2058,96.16%,(S),0.49%,(S),0.83%,2.14%
14591,Forbis,2040,92.25%,2.16%,0.49%,1.03%,2.40%,1.67%
14612,Fetty,2037,93.47%,2.70%,0.64%,0.59%,1.23%,1.37%
14617,Fleeman,2036,92.63%,3.88%,0.25%,0.39%,1.28%,1.57%
14669,Fekete,2027,95.76%,(S),0.39%,(S),0.89%,2.52%
14724,Fullwood,2018,33.00%,60.56%,(S),(S),3.82%,2.08%
14755,Ferrero,2013,75.31%,(S),1.59%,(S),0.60%,22.06%
14768,Fearon,2011,53.41%,41.77%,(S),(S),2.09%,2.24%
14799,Fettig,2005,95.71%,0.25%,0.45%,1.35%,1.15%,1.10%
14824,Fonville,2000,42.60%,52.15%,0.50%,0.30%,2.55%,1.90%
14881,Filler,1988,93.46%,(S),1.36%,(S),1.36%,2.67%
14881,Fortes,1988,31.59%,27.46%,13.68%,1.01%,6.14%,20.12%
14920,Felan,1984,20.36%,0.25%,1.11%,0.30%,0.60%,77.37%
14976,Farrand,1974,92.35%,1.47%,0.51%,0.51%,1.72%,3.44%
14986,Fuentez,1972,8.57%,0.56%,0.61%,0.46%,0.46%,89.35%
14995,Fischbach,1970,94.47%,(S),1.22%,(S),0.96%,3.05%
14995,Fulghum,1970,91.57%,4.42%,0.25%,0.41%,1.27%,2.08%
15015,Flax,1967,73.92%,21.00%,(S),(S),1.27%,3.20%
15020,Foutch,1966,92.62%,1.48%,0.56%,1.22%,1.83%,2.29%
15043,Furrow,1964,95.06%,0.66%,0.56%,0.66%,1.22%,1.83%
15048,Forero,1963,9.78%,0.46%,0.25%,(S),(S),89.45%
15066,Funderburg,1958,75.59%,19.97%,0.51%,0.26%,1.84%,1.84%
15080,Fells,1956,30.27%,61.40%,0.56%,0.36%,3.37%,4.04%
15120,Fuhrmann,1951,95.75%,(S),0.67%,(S),1.18%,2.00%
15124,Friar,1950,74.05%,20.00%,0.67%,0.46%,1.95%,2.87%
15140,Finklea,1948,36.81%,57.75%,(S),(S),2.16%,2.82%
15140,Fizer,1948,63.35%,30.39%,(S),(S),2.87%,2.77%
15171,Ferman,1942,32.44%,3.40%,(S),(S),1.18%,62.51%
15259,Fritch,1926,95.95%,0.62%,(S),(S),1.71%,1.09%
15262,Foskey,1925,76.31%,20.62%,(S),(S),1.97%,0.73%
15268,Fausto,1924,8.52%,(S),8.42%,0.42%,(S),82.22%
15284,Fallis,1921,84.59%,1.15%,2.34%,7.96%,1.30%,2.65%
15289,Fernald,1920,93.91%,0.99%,0.63%,0.36%,1.25%,2.86%
15309,Fishback,1917,83.41%,11.79%,0.57%,0.31%,2.19%,1.72%
15391,Freshour,1905,95.80%,(S),0.63%,(S),0.89%,2.05%
15402,Frew,1903,94.01%,1.68%,0.42%,0.68%,1.31%,1.89%
15471,Fishburn,1893,89.49%,5.65%,(S),(S),1.11%,2.96%
15477,Fansler,1892,94.03%,(S),(S),0.95%,2.01%,1.90%
15520,Finkle,1886,93.05%,1.06%,(S),(S),1.38%,3.92%
15533,Fager,1884,95.59%,0.53%,(S),(S),1.54%,1.75%
15647,Fout,1867,93.25%,1.07%,0.48%,0.80%,1.82%,2.57%
15647,Froman,1867,92.61%,0.59%,0.43%,2.36%,2.20%,1.82%
15651,Follis,1866,94.37%,0.64%,0.43%,0.86%,1.50%,2.20%
15658,Frisbee,1865,92.92%,(S),1.45%,(S),1.82%,3.06%
15681,Frisk,1861,93.87%,0.70%,0.70%,0.59%,1.13%,3.01%
15719,FitzSimons,1855,95.26%,0.65%,0.59%,0.00%,0.65%,2.86%
15719,Frese,1855,94.50%,0.54%,0.54%,0.49%,0.65%,3.29%
15743,Fossum,1852,94.76%,0.32%,0.70%,1.08%,1.03%,2.11%
15758,Fergus,1850,80.38%,11.73%,(S),(S),2.43%,4.22%
15758,Fossett,1850,72.49%,22.16%,(S),(S),2.16%,2.43%
15827,Ferebee,1839,38.61%,56.88%,(S),(S),2.28%,1.85%
15959,Fatima,1820,3.85%,(S),91.65%,(S),1.37%,1.70%
15964,Fairweather,1819,68.22%,26.28%,0.49%,0.33%,2.14%,2.53%
16012,Flohr,1813,96.30%,(S),0.66%,(S),1.16%,1.71%
16031,Factor,1809,58.26%,2.10%,4.53%,18.24%,3.65%,13.21%
16041,Figgins,1808,79.31%,14.66%,0.88%,0.55%,2.27%,2.32%
16041,Forgione,1808,95.24%,(S),0.94%,(S),0.77%,2.32%
16049,Fritsche,1807,96.46%,(S),0.44%,(S),1.11%,1.72%
16051,Fofana,1806,1.38%,95.63%,(S),(S),1.77%,1.11%
16098,Ferron,1799,74.82%,15.90%,0.50%,0.94%,1.61%,6.23%
16108,Fickes,1797,88.81%,0.33%,0.33%,0.45%,1.11%,8.96%
16136,Folmar,1793,80.42%,12.99%,(S),(S),1.67%,4.24%
16171,Filkins,1787,92.95%,1.68%,0.39%,0.67%,2.29%,2.01%
16188,Foraker,1785,94.79%,0.50%,0.28%,1.01%,1.62%,1.79%
16195,Fannon,1783,90.80%,2.41%,1.35%,0.79%,2.13%,2.52%
16219,Failla,1780,94.04%,0.90%,(S),(S),1.07%,3.37%
16219,Fitchett,1780,60.45%,27.87%,0.56%,0.51%,1.91%,8.71%
16273,Feehan,1772,95.88%,(S),0.90%,(S),1.35%,1.35%
16295,Farooq,1770,4.46%,2.82%,86.16%,0.34%,4.24%,1.98%
16302,Foland,1769,94.91%,0.73%,0.57%,0.45%,0.90%,2.43%
16315,Fenimore,1766,95.92%,0.34%,0.40%,0.45%,1.08%,1.81%
16327,Falvey,1765,95.64%,0.40%,1.13%,0.00%,0.85%,1.98%
16343,Finnie,1763,49.23%,45.55%,(S),(S),2.38%,2.16%
16349,Funez,1762,4.65%,0.96%,0.00%,(S),(S),94.10%
16390,Fransen,1756,94.53%,0.28%,0.51%,0.51%,1.59%,2.56%
16407,Fred,1754,49.77%,7.07%,3.53%,8.78%,1.43%,29.42%
16415,Facey,1753,26.98%,65.32%,(S),(S),2.34%,4.68%
16420,Finegan,1752,93.61%,2.05%,(S),(S),0.68%,2.91%
16427,Fortino,1751,87.49%,(S),1.83%,(S),1.09%,9.25%
16450,Frasure,1748,93.42%,4.12%,(S),(S),0.86%,0.92%
16457,Fecteau,1747,95.94%,(S),(S),0.69%,1.60%,1.26%
16519,Falgout,1739,92.06%,(S),(S),3.28%,1.44%,1.84%
16544,Farquharson,1735,40.52%,53.83%,(S),(S),2.54%,2.54%
16555,Fenderson,1734,35.93%,57.84%,(S),(S),2.19%,3.58%
16586,Fendley,1729,93.93%,2.02%,0.35%,0.40%,1.39%,1.91%
16601,Facio,1727,7.06%,(S),(S),1.16%,0.35%,91.26%
16616,Faulkenberry,1726,94.67%,0.70%,0.58%,0.93%,1.27%,1.85%
16624,Fergerson,1725,64.58%,29.10%,(S),(S),3.54%,2.26%
16635,Frailey,1723,91.00%,3.19%,0.52%,1.80%,1.74%,1.74%
16662,Falkowski,1719,97.38%,(S),0.35%,(S),0.47%,1.57%
16662,Freiberg,1719,93.08%,0.35%,1.05%,0.41%,1.11%,4.01%
16662,Frenzel,1719,94.82%,(S),0.76%,(S),1.28%,2.62%
16662,Fujita,1719,6.69%,(S),82.20%,(S),8.20%,2.85%
16687,Fralick,1716,94.70%,0.41%,0.64%,0.41%,2.62%,1.22%
16696,Faucette,1715,72.30%,24.02%,(S),(S),1.63%,1.98%
16734,Finkbeiner,1709,95.96%,(S),0.53%,(S),1.05%,1.87%
16734,Forbush,1709,90.29%,5.32%,(S),(S),1.35%,2.52%
16748,Faye,1707,55.89%,38.61%,1.17%,0.41%,1.41%,2.52%
16748,Flor,1707,56.18%,0.70%,6.74%,0.59%,1.99%,33.80%
16781,Fertig,1702,93.48%,(S),1.47%,(S),1.35%,3.23%
16781,Flippin,1702,78.79%,17.27%,(S),(S),1.88%,1.35%
16789,Foulks,1701,58.61%,36.21%,0.47%,0.35%,1.94%,2.41%
16802,Fleckenstein,1699,95.70%,0.53%,(S),(S),1.06%,2.18%
16809,Facundo,1698,4.30%,(S),4.06%,0.35%,(S),90.93%
16839,Fowles,1695,83.95%,11.09%,0.83%,0.35%,1.47%,2.30%
16868,Franson,1690,92.43%,1.54%,0.89%,0.53%,2.31%,2.31%
16881,File,1688,91.05%,4.27%,0.65%,0.59%,1.95%,1.48%
16953,Forward,1677,73.52%,21.05%,0.42%,0.48%,2.50%,2.03%
16993,Fett,1672,95.75%,0.96%,(S),(S),1.02%,1.50%
17026,Fenstermacher,1669,95.57%,(S),(S),0.60%,0.96%,2.46%
17040,Fagundes,1667,88.12%,0.90%,1.02%,0.78%,1.32%,7.86%
17063,Fyfe,1664,92.19%,3.00%,0.78%,0.42%,1.92%,1.68%
17072,Flinchum,1663,97.23%,(S),0.42%,(S),0.96%,0.84%
17104,Forth,1659,87.94%,6.63%,0.42%,0.48%,2.05%,2.47%
17111,Ficklin,1658,54.70%,38.18%,0.48%,0.72%,2.53%,3.38%
17120,Faustino,1657,29.09%,(S),28.61%,(S),3.02%,38.08%
17120,Fulp,1657,83.28%,11.59%,(S),(S),2.47%,1.75%
17151,Filip,1652,93.70%,(S),2.18%,(S),0.73%,2.91%
17159,Farrier,1651,70.87%,21.80%,0.55%,0.85%,2.42%,3.51%
17274,Fulmore,1639,8.42%,85.78%,(S),(S),2.56%,2.75%
17274,Furry,1639,94.69%,2.07%,0.31%,0.31%,0.73%,1.89%
17331,Fonte,1631,69.90%,0.49%,1.96%,0.00%,0.98%,26.67%
17345,Favreau,1629,96.75%,(S),(S),0.55%,0.80%,1.47%
17367,Flanery,1626,93.73%,(S),(S),0.55%,2.03%,3.20%
17392,Feldt,1623,95.13%,0.00%,1.05%,0.55%,1.23%,2.03%
17419,Felter,1620,91.91%,1.54%,0.68%,2.78%,1.30%,1.79%
17432,Ferrufino,1618,4.51%,0.68%,0.49%,(S),(S),94.07%
17432,Fuss,1618,94.99%,(S),0.37%,(S),1.67%,2.41%
17447,Freeborn,1616,92.45%,1.30%,0.68%,0.50%,2.54%,2.54%
17455,Fredericksen,1615,94.43%,0.74%,0.37%,0.37%,2.17%,1.92%
17521,Frasher,1608,93.84%,2.05%,(S),(S),1.06%,1.99%
17551,Farney,1603,95.88%,0.94%,(S),(S),1.00%,1.31%
17582,Fariñas,1599,7.75%,(S),27.77%,(S),3.63%,59.60%
17582,Fricks,1599,85.05%,10.82%,(S),(S),1.00%,2.38%
17625,Feltz,1594,96.11%,(S),0.63%,(S),0.69%,2.20%
17639,Fessenden,1593,94.66%,(S),1.57%,(S),1.63%,1.95%
17662,Ferrigno,1590,93.08%,(S),0.63%,(S),0.50%,5.47%
17673,Freas,1588,91.06%,(S),0.94%,(S),1.51%,6.05%
17726,Fader,1581,90.96%,(S),1.90%,(S),1.77%,3.61%
17726,Fagg,1581,90.01%,6.83%,0.51%,0.57%,1.14%,0.95%
17726,Fuhr,1581,94.62%,1.20%,(S),(S),1.20%,2.34%
17752,Felten,1578,93.41%,0.57%,1.71%,0.00%,1.90%,2.41%
17809,Feingold,1572,96.12%,0.32%,0.95%,0.00%,0.89%,1.72%
17818,Filsaime,1571,2.23%,92.17%,(S),(S),2.29%,2.86%
17823,Fiorillo,1570,93.44%,(S),0.38%,(S),0.83%,5.16%
17839,Frederiksen,1568,94.45%,0.70%,0.70%,0.70%,1.59%,1.85%
17851,Feely,1567,91.51%,4.85%,0.57%,0.38%,0.70%,1.98%
17883,Feher,1564,94.88%,0.83%,(S),(S),0.96%,2.56%
17896,Fukuda,1562,5.63%,(S),80.54%,(S),10.56%,3.20%
17992,Fegley,1552,96.97%,(S),(S),(S),1.42%,1.35%
18068,Folds,1543,85.94%,10.82%,(S),(S),1.88%,1.04%
18089,Frasca,1541,94.55%,(S),0.45%,(S),0.84%,3.70%
18090,Fletes,1540,4.42%,(S),(S),0.00%,0.00%,95.39%
18116,Fankhauser,1537,96.88%,0.00%,0.39%,0.52%,1.69%,0.52%
18116,Fouch,1537,83.21%,10.67%,(S),(S),1.43%,3.12%
18128,Fraizer,1536,55.99%,37.63%,0.52%,0.91%,2.15%,2.80%
18166,Fenster,1532,93.80%,2.87%,(S),(S),0.98%,1.83%
18166,Florek,1532,94.06%,0.52%,0.39%,0.59%,2.28%,2.15%
18237,Fouse,1525,80.20%,13.18%,0.66%,0.59%,2.69%,2.69%
18286,Fadden,1518,94.73%,0.99%,0.33%,0.33%,1.78%,1.84%
18326,Fischetti,1512,94.71%,0.53%,0.86%,0.00%,0.73%,3.17%
18411,Fazekas,1504,93.88%,0.73%,0.53%,0.73%,0.93%,3.19%
18486,Forgey,1495,93.58%,1.40%,0.87%,0.74%,2.27%,1.14%
18502,Fear,1493,94.57%,1.07%,0.54%,0.67%,1.14%,2.01%
18511,Faherty,1491,95.64%,(S),0.94%,(S),1.41%,1.74%
18511,Frain,1491,94.30%,1.07%,(S),(S),1.95%,2.15%
18550,Farrelly,1487,91.46%,2.69%,1.34%,(S),(S),3.16%
18550,Flesch,1487,95.49%,(S),(S),0.67%,0.67%,2.35%
18561,Folden,1486,87.69%,4.98%,0.47%,1.01%,2.09%,3.77%
18561,Fronk,1486,96.50%,(S),(S),0.54%,0.94%,1.48%
18622,Fairfax,1478,51.42%,42.29%,(S),(S),2.50%,2.98%
18622,Feuerstein,1478,96.62%,(S),0.34%,(S),1.29%,1.42%
18660,Fretz,1474,95.86%,(S),0.68%,(S),0.88%,2.10%
18676,Ferranti,1472,95.79%,(S),0.34%,(S),0.41%,3.19%
18685,Flach,1471,95.38%,(S),0.68%,(S),1.22%,2.58%
18724,Fahnestock,1467,95.64%,(S),1.09%,(S),1.50%,1.30%
18729,Fauntleroy,1466,19.03%,74.69%,0.34%,0.48%,3.07%,2.39%
18729,Fonda,1466,82.95%,3.89%,9.21%,0.48%,1.36%,2.11%
18808,Fleishman,1456,95.60%,0.41%,0.55%,0.00%,0.76%,2.68%
18819,Flemings,1455,27.01%,64.95%,(S),(S),2.54%,4.33%
18835,Fauver,1453,94.43%,(S),0.89%,(S),1.31%,2.55%
18867,Feemster,1449,65.98%,28.64%,0.35%,0.62%,2.69%,1.73%
18899,Francoeur,1445,86.30%,9.00%,(S),(S),0.90%,3.04%
18899,Fusaro,1445,93.22%,(S),0.69%,(S),1.18%,4.29%
18950,Ference,1440,95.35%,1.67%,(S),(S),1.11%,1.46%
19075,Frier,1427,86.33%,7.01%,1.05%,0.35%,2.24%,3.01%
19145,Fucci,1419,94.29%,0.56%,(S),(S),1.06%,3.59%
19152,Flom,1418,95.63%,0.49%,0.49%,0.35%,1.34%,1.69%
19229,Feria,1411,6.95%,(S),14.67%,(S),2.06%,75.55%
19234,Ferrill,1410,85.11%,9.01%,(S),(S),1.77%,3.05%
19242,Fava,1409,86.16%,(S),1.21%,(S),0.43%,12.14%
19242,Forbus,1409,91.63%,3.62%,(S),(S),1.35%,2.70%
19282,Foo,1405,8.40%,2.78%,79.29%,0.00%,7.12%,2.42%
19321,Filippone,1401,93.36%,0.36%,0.50%,0.00%,0.71%,5.07%
19321,Fillion,1401,95.79%,(S),0.50%,(S),1.21%,1.78%
19341,Fagin,1399,74.12%,17.87%,(S),(S),2.36%,4.22%
19348,Fath,1398,95.42%,0.50%,1.07%,0.72%,1.00%,1.29%
