Rank,Name,Count,White,Black,API,AIAN,2+ Races,Hispanic
16,Thomas,756142,52.63%,38.75%,2.44%,1.07%,2.58%,2.54%
17,Taylor,751209,65.38%,28.42%,0.56%,0.76%,2.41%,2.46%
23,Thompson,664644,69.78%,23.57%,0.57%,1.22%,2.37%,2.49%
37,Torres,437813,5.35%,0.57%,1.43%,0.20%,0.28%,92.16%
54,Turner,348627,64.25%,30.13%,0.42%,0.60%,2.38%,2.23%
132,Tran,188498,1.35%,0.10%,96.00%,0.03%,1.70%,0.81%
153,Tucker,167446,70.01%,24.17%,0.45%,0.78%,2.25%,2.35%
361,Terry,87000,66.28%,27.34%,0.56%,0.70%,2.44%,2.68%
373,Thornton,83967,67.42%,27.08%,0.46%,0.62%,2.34%,2.06%
448,Trujillo,73664,8.39%,0.21%,0.29%,1.63%,0.35%,89.14%
460,Todd,71759,80.77%,13.58%,0.51%,0.68%,2.11%,2.34%
467,Tate,71058,55.59%,38.34%,0.61%,0.84%,2.50%,2.12%
483,Townsend,69360,67.70%,26.42%,0.47%,0.79%,2.25%,2.38%
509,Tyler,66056,61.96%,30.99%,0.54%,1.35%,2.70%,2.46%
562,Treviño,59882,7.83%,0.29%,0.20%,0.40%,0.22%,91.06%
647,Tapia,52651,4.85%,0.29%,0.71%,0.40%,0.22%,93.54%
709,Tanner,48813,82.75%,10.94%,0.63%,1.14%,2.21%,2.32%
843,Trejo,41021,3.96%,0.36%,0.13%,0.25%,0.16%,95.13%
903,Truong,38267,0.82%,0.11%,96.87%,0.03%,1.60%,0.57%
983,Terrell,35408,55.26%,38.99%,0.39%,0.75%,2.41%,2.20%
998,Travis,34985,73.32%,21.01%,0.52%,0.53%,2.21%,2.40%
999,Tang,34961,2.64%,0.62%,93.31%,0.05%,2.13%,1.25%
1070,Tovar,32760,4.73%,0.35%,0.13%,0.24%,0.18%,94.38%
1090,Tan,32120,3.30%,0.19%,92.37%,0.11%,2.62%,1.42%
1139,Tillman,30825,45.06%,48.77%,0.35%,0.85%,2.82%,2.14%
1170,Talley,30014,65.16%,28.40%,0.54%,0.90%,2.55%,2.46%
1180,Tracy,29867,91.05%,2.83%,0.62%,1.37%,1.61%,2.51%
1221,Tyson,28947,52.86%,41.40%,0.46%,0.67%,2.37%,2.24%
1267,Tuttle,27751,93.39%,1.35%,0.53%,0.98%,1.65%,2.10%
1407,Tomlinson,25274,83.64%,10.32%,0.65%,0.55%,1.85%,2.99%
1420,Tipton,25064,87.50%,6.91%,0.50%,1.00%,2.02%,2.07%
1440,Thomson,24750,89.95%,3.98%,1.27%,0.47%,1.76%,2.58%
1451,Tatum,24558,55.30%,37.90%,0.37%,0.78%,2.70%,2.95%
1456,Teague,24514,79.55%,14.52%,0.47%,0.91%,2.39%,2.17%
1464,Tolbert,24375,44.43%,49.92%,0.26%,0.77%,2.72%,1.90%
1485,Tompkins,24056,84.15%,10.59%,0.61%,0.57%,1.80%,2.29%
1492,Thurman,23950,70.40%,23.54%,0.44%,0.78%,2.23%,2.62%
1536,Thao,23404,0.77%,(S),96.81%,(S),1.73%,0.54%
1590,Temple,22549,79.75%,14.58%,0.85%,0.43%,2.12%,2.28%
1595,Téllez,22494,4.50%,0.16%,0.30%,0.19%,0.09%,94.76%
1651,Thorpe,21813,68.62%,25.36%,0.53%,0.71%,2.30%,2.49%
1677,Thacker,21512,89.60%,5.03%,1.29%,0.54%,1.72%,1.82%
1699,Tidwell,21176,84.00%,11.02%,0.38%,0.86%,1.70%,2.04%
1734,Timmons,20671,67.76%,26.70%,0.51%,0.61%,2.08%,2.35%
1751,Thomason,20478,87.16%,7.05%,0.47%,1.03%,1.94%,2.35%
1753,Tripp,20434,83.48%,10.90%,0.63%,0.78%,2.03%,2.18%
1801,Trotter,19927,61.68%,32.11%,0.52%,0.52%,2.84%,2.34%
1818,Tackett,19737,94.34%,0.92%,0.32%,0.94%,1.55%,1.94%
1824,Trent,19630,79.67%,15.34%,0.50%,0.47%,2.08%,1.94%
1826,Toth,19606,95.78%,0.28%,0.67%,0.19%,1.10%,1.98%
1841,Toledo,19474,8.49%,0.49%,5.76%,6.09%,0.75%,78.42%
1896,Tobin,18932,88.46%,4.99%,0.78%,0.38%,1.68%,3.71%
1919,Toney,18787,54.98%,38.30%,0.42%,1.56%,2.79%,1.94%
1922,Thorne,18738,75.50%,17.47%,0.73%,0.91%,2.17%,3.22%
1965,Triplett,18408,65.43%,29.29%,0.51%,0.59%,2.33%,1.86%
2132,Troyer,16981,97.96%,0.26%,0.22%,0.19%,0.62%,0.75%
2160,Torrez,16795,8.18%,0.47%,0.14%,0.43%,0.38%,90.40%
2186,Thayer,16625,93.07%,0.91%,0.81%,1.25%,1.79%,2.17%
2210,Tamayo,16474,4.64%,0.48%,9.46%,0.13%,0.83%,84.45%
2235,Trimble,16306,79.20%,14.84%,0.62%,0.92%,1.72%,2.70%
2314,Titus,15780,78.65%,12.79%,2.08%,1.59%,2.22%,2.66%
2318,Tilley,15758,87.59%,6.75%,0.57%,1.19%,1.78%,2.12%
2342,Talbot,15562,91.31%,3.23%,0.81%,0.44%,1.52%,2.69%
2360,Tabor,15445,85.53%,7.87%,0.96%,0.78%,2.12%,2.74%
2361,Tinsley,15442,62.63%,31.36%,0.47%,0.51%,2.64%,2.40%
2368,Trinh,15392,1.20%,(S),95.93%,(S),1.88%,0.87%
2385,Thurston,15234,84.88%,10.33%,0.58%,0.33%,1.78%,2.10%
2432,Tejada,14903,3.29%,0.54%,4.40%,0.11%,0.65%,91.00%
2494,Tobias,14482,55.01%,13.35%,3.78%,0.26%,1.53%,26.06%
2541,Tejeda,14240,3.12%,0.50%,0.12%,0.08%,0.16%,96.02%
2560,Trahan,14114,85.94%,9.10%,0.55%,0.82%,1.42%,2.18%
2602,Thibodeaux,13850,79.23%,16.66%,0.29%,0.51%,1.40%,1.91%
2619,Tharp,13757,92.91%,2.43%,0.69%,0.41%,1.47%,2.10%
2646,Tierney,13608,95.75%,0.27%,0.62%,0.22%,1.21%,1.93%
2677,Trinidad,13474,4.80%,0.68%,17.11%,0.10%,1.25%,76.06%
2685,Tirado,13410,6.41%,1.10%,0.51%,0.13%,0.28%,91.57%
2687,Templeton,13396,89.74%,4.78%,0.43%,0.52%,1.93%,2.61%
2701,Traylor,13341,55.31%,39.06%,0.40%,0.34%,2.68%,2.20%
2703,Tam,13327,5.55%,0.55%,90.16%,0.05%,2.31%,1.39%
2730,Tong,13196,11.58%,1.51%,81.26%,0.14%,3.38%,2.14%
2807,Thrasher,12836,84.67%,10.06%,0.46%,0.90%,1.80%,2.12%
2810,Tubbs,12828,70.03%,24.39%,0.55%,0.94%,2.09%,2.00%
2825,Tavares,12766,52.21%,10.20%,2.49%,0.31%,4.30%,30.50%
2826,Trout,12758,92.62%,1.53%,0.56%,0.99%,2.03%,2.27%
2867,Trammell,12582,71.64%,21.94%,0.38%,0.90%,2.61%,2.53%
2944,Talbert,12181,69.99%,24.06%,0.54%,0.55%,2.54%,2.32%
2958,Tolliver,12128,44.85%,48.87%,0.37%,0.79%,3.08%,2.04%
3005,Turpin,11937,83.03%,11.53%,0.48%,0.72%,1.95%,2.30%
3036,Tomlin,11797,75.81%,19.08%,0.53%,0.52%,2.01%,2.06%
3089,Thai,11644,2.23%,(S),95.61%,(S),1.41%,0.58%
3135,Troutman,11519,79.80%,15.64%,0.44%,0.62%,1.68%,1.82%
3136,Tello,11512,8.54%,0.58%,0.69%,0.23%,0.30%,89.65%
3180,Tolentino,11371,5.46%,0.56%,44.26%,0.11%,4.49%,45.12%
3291,Tsai,10968,1.75%,(S),94.57%,(S),2.86%,0.67%
3358,Toro,10650,14.92%,1.08%,0.69%,0.86%,0.56%,81.88%
3378,Terrazas,10569,5.29%,0.21%,0.25%,0.46%,0.18%,93.61%
3398,Turley,10524,88.71%,5.34%,0.54%,0.76%,2.08%,2.57%
3450,Turk,10354,83.64%,10.25%,1.08%,0.36%,1.93%,2.74%
3452,Tom,10350,19.02%,1.57%,52.53%,16.63%,6.91%,3.33%
3473,Tisdale,10293,54.81%,40.04%,0.38%,0.43%,2.47%,1.88%
3503,Tavarez,10201,3.24%,0.64%,0.50%,0.09%,0.12%,95.41%
3529,Tice,10118,91.64%,2.72%,0.64%,0.57%,1.68%,2.75%
3532,Tafoya,10114,14.91%,0.31%,0.42%,4.65%,0.91%,78.81%
3560,Tuck,10018,77.63%,16.80%,0.64%,0.61%,1.81%,2.52%
3569,Thorn,9988,83.80%,9.79%,1.88%,0.37%,1.91%,2.24%
3601,Thiel,9880,94.84%,0.91%,0.64%,0.24%,1.16%,2.21%
3622,Taggart,9808,87.38%,6.90%,0.53%,0.49%,1.67%,3.03%
3644,Thatcher,9752,91.67%,1.50%,0.64%,0.56%,1.62%,4.01%
3670,Tinoco,9707,3.28%,0.22%,0.82%,0.14%,0.14%,95.40%
3695,Tyree,9613,76.79%,17.74%,0.41%,0.54%,2.55%,1.98%
3706,Taveras,9580,2.84%,0.70%,0.16%,0.11%,0.14%,96.05%
3712,Truitt,9557,71.81%,22.67%,0.48%,0.89%,1.98%,2.17%
3753,Timm,9433,94.40%,0.87%,0.75%,0.35%,1.41%,2.22%
3757,Toler,9427,80.53%,14.59%,0.46%,0.63%,2.02%,1.78%
3784,Thigpen,9359,62.25%,33.82%,0.29%,0.36%,2.06%,1.22%
3788,Tarver,9341,44.74%,49.99%,0.36%,0.41%,2.18%,2.31%
3807,Toscano,9301,37.06%,0.22%,0.77%,0.22%,0.56%,61.18%
3813,Trapp,9294,79.27%,15.63%,0.52%,0.36%,1.36%,2.87%
3835,Tu,9230,1.95%,(S),94.03%,(S),2.26%,1.53%
3911,Tully,9081,92.19%,1.27%,0.70%,1.39%,1.56%,2.89%
3933,Taft,9048,84.32%,10.34%,0.49%,0.70%,1.66%,2.50%
3976,Teal,8937,78.43%,15.63%,0.74%,0.47%,2.07%,2.66%
3979,To,8934,1.96%,(S),95.06%,(S),1.37%,1.28%
3994,Teixeira,8895,75.37%,11.35%,1.88%,0.33%,4.07%,7.00%
4084,Testa,8694,91.36%,1.13%,0.94%,0.18%,1.09%,5.29%
4085,Tennant,8693,87.96%,7.58%,0.60%,0.37%,1.53%,1.97%
4111,Tenorio,8629,6.30%,0.43%,7.63%,7.54%,1.27%,76.82%
4114,Tijerina,8626,6.78%,0.16%,0.26%,0.22%,0.24%,92.34%
4139,Terán,8557,10.25%,1.16%,0.90%,0.29%,0.36%,87.04%
4145,Trice,8546,41.91%,51.18%,0.53%,0.41%,3.81%,2.15%
4267,Turnbull,8320,86.05%,8.09%,0.66%,0.65%,2.01%,2.55%
4303,TRUE,8261,91.99%,1.80%,1.46%,0.75%,2.00%,2.00%
4341,Tallman,8174,89.59%,1.03%,0.94%,4.56%,1.60%,2.28%
4355,Tillery,8156,59.50%,34.16%,0.36%,1.02%,2.26%,2.71%
4359,Tracey,8152,84.92%,8.92%,0.72%,1.58%,1.62%,2.23%
4376,Tilton,8124,92.49%,2.02%,0.91%,0.23%,2.02%,2.33%
4383,Troy,8109,78.11%,15.29%,1.17%,0.48%,2.26%,2.69%
4434,Ta,8017,2.46%,0.50%,94.29%,0.11%,1.76%,0.89%
4438,Tremblay,7996,94.51%,0.28%,0.58%,0.64%,1.69%,2.31%
4439,Tanaka,7994,9.38%,(S),77.06%,(S),9.39%,3.80%
4463,Tiller,7954,75.62%,19.81%,0.63%,0.49%,1.68%,1.76%
4487,Thibodeau,7904,95.26%,0.43%,0.59%,0.24%,1.59%,1.89%
4492,Tamez,7894,7.02%,0.46%,0.37%,0.25%,0.25%,91.65%
4525,Travers,7833,83.07%,10.69%,0.82%,0.24%,1.86%,3.32%
4539,Teel,7814,81.12%,12.22%,0.61%,1.06%,2.34%,2.64%
4544,Treadway,7792,89.13%,5.40%,0.62%,0.81%,1.60%,2.44%
4550,Taber,7788,92.55%,0.74%,0.65%,0.91%,2.02%,3.12%
4559,Talavera,7777,5.23%,0.48%,4.26%,0.15%,0.54%,89.34%
4569,Towns,7760,39.72%,54.21%,0.26%,0.34%,2.44%,3.04%
4623,Tomas,7673,25.39%,4.57%,12.11%,0.35%,2.33%,55.25%
4635,Thomsen,7654,95.28%,0.22%,1.18%,0.38%,1.23%,1.71%
4654,Thames,7619,59.56%,34.90%,0.45%,0.49%,2.61%,2.00%
4688,Timmerman,7569,94.87%,1.08%,0.71%,0.55%,1.51%,1.27%
4708,Toliver,7536,24.95%,68.43%,0.54%,0.32%,3.21%,2.55%
4722,Toomey,7510,93.75%,1.66%,0.92%,0.16%,1.53%,1.97%
4759,Toussaint,7441,20.52%,73.86%,0.44%,0.19%,1.92%,3.06%
4787,Talbott,7386,89.66%,4.83%,0.45%,0.46%,1.58%,3.02%
4817,Thornhill,7327,80.09%,13.96%,0.67%,0.70%,2.06%,2.52%
4827,Thornburg,7309,92.60%,1.27%,0.48%,1.14%,1.60%,2.91%
4835,Tibbs,7294,60.42%,33.75%,0.63%,0.62%,2.93%,1.65%
4868,Tenney,7238,94.16%,1.91%,0.47%,0.43%,1.40%,1.64%
4956,Trowbridge,7095,94.77%,0.44%,0.65%,0.62%,1.58%,1.95%
4968,Turcios,7073,3.03%,0.47%,0.07%,0.11%,0.07%,96.25%
4977,Tobar,7056,8.87%,3.27%,0.55%,0.10%,0.45%,86.75%
5006,Tarr,7021,90.81%,4.09%,1.13%,0.19%,1.69%,2.09%
5074,Trombley,6908,93.46%,0.36%,0.61%,2.20%,1.90%,1.48%
5103,Tsang,6860,2.17%,0.57%,94.39%,0.00%,2.06%,0.82%
5125,Totten,6828,80.17%,13.37%,0.85%,0.47%,2.56%,2.58%
5131,Tyner,6819,73.44%,19.17%,0.54%,2.87%,2.19%,1.79%
5136,Trainor,6816,93.62%,2.01%,0.73%,0.09%,1.28%,2.27%
5145,Turney,6803,82.98%,9.32%,0.46%,2.04%,2.48%,2.72%
5146,Tindall,6802,86.30%,7.91%,0.51%,0.79%,2.01%,2.47%
5173,Thorson,6752,95.50%,0.31%,0.64%,0.24%,1.35%,1.97%
5231,Towne,6666,91.52%,1.46%,0.89%,2.54%,1.58%,2.03%
5285,Tuggle,6589,69.01%,26.03%,0.46%,0.44%,2.47%,1.59%
5327,Tibbetts,6538,92.14%,0.44%,0.69%,2.39%,2.22%,2.13%
5331,Toole,6534,86.49%,9.26%,0.46%,0.38%,1.47%,1.94%
5417,Theis,6425,94.65%,0.44%,0.78%,0.40%,1.46%,2.27%
5418,Theriot,6424,90.60%,4.93%,0.48%,0.56%,1.15%,2.27%
5425,Torrence,6419,46.46%,47.30%,0.34%,0.23%,3.16%,2.51%
5525,Tinker,6291,78.40%,12.73%,0.60%,3.56%,2.51%,2.19%
5540,Tait,6271,84.45%,9.55%,1.07%,0.53%,1.12%,3.28%
5578,Thach,6229,7.82%,0.59%,87.51%,0.19%,2.60%,1.28%
5582,Tse,6227,2.07%,(S),93.51%,(S),2.31%,1.19%
5591,Tribble,6220,65.03%,29.12%,0.50%,0.55%,2.32%,2.49%
5619,Tapp,6186,82.19%,12.40%,0.48%,0.65%,2.07%,2.21%
5639,Trask,6162,89.18%,5.52%,1.17%,0.34%,1.75%,2.04%
5660,Tedesco,6133,94.54%,0.20%,0.65%,0.16%,0.82%,3.64%
5716,Thorp,6067,92.53%,2.13%,0.53%,0.76%,1.50%,2.55%
5782,Tankersley,5990,89.57%,5.14%,0.67%,0.87%,1.57%,2.19%
5799,Truax,5968,92.49%,0.32%,0.65%,2.98%,1.42%,2.13%
5841,Thurmond,5922,56.79%,37.45%,0.29%,0.69%,2.80%,1.98%
5851,Tull,5904,72.44%,16.85%,3.08%,0.39%,2.44%,4.79%
5859,Teeter,5892,92.48%,2.19%,0.53%,0.51%,1.90%,2.39%
5869,Tudor,5877,90.06%,4.00%,0.66%,0.77%,1.89%,2.62%
5878,Thibault,5870,94.87%,0.95%,0.66%,0.58%,1.33%,1.60%
5894,Theriault,5855,94.14%,0.38%,0.51%,0.55%,2.10%,2.32%
5897,Treadwell,5851,66.45%,26.17%,0.58%,1.03%,2.97%,2.80%
5911,Turnage,5831,65.41%,30.20%,0.48%,0.50%,1.70%,1.71%
5948,Tyrrell,5788,92.76%,1.88%,0.55%,0.48%,1.97%,2.35%
5951,Toy,5784,60.06%,6.64%,26.78%,0.12%,2.90%,3.49%
5998,Thompkins,5732,23.27%,70.32%,0.23%,0.37%,3.79%,2.02%
6005,Tolley,5726,92.51%,2.71%,0.35%,0.42%,1.55%,2.46%
6025,Theisen,5707,95.53%,0.16%,0.56%,0.21%,1.24%,2.30%
6032,Trudeau,5697,93.98%,0.63%,0.63%,0.81%,1.39%,2.56%
6065,Thelen,5657,96.20%,0.41%,0.69%,0.27%,1.18%,1.26%
6075,Terrill,5641,91.88%,2.52%,0.44%,0.89%,1.51%,2.77%
6093,Tolson,5630,65.52%,29.13%,0.25%,0.71%,2.33%,2.06%
6185,Thom,5531,80.94%,8.84%,3.81%,1.27%,2.19%,2.95%
6195,Truman,5521,88.93%,5.52%,0.74%,0.42%,1.81%,2.57%
6217,Tedder,5500,89.44%,6.20%,0.33%,0.95%,1.47%,1.62%
6356,Tarango,5360,6.62%,0.52%,0.24%,0.88%,0.22%,91.51%
6465,Tsosie,5255,1.18%,(S),(S),95.00%,1.50%,2.23%
6470,Tew,5247,94.43%,1.81%,0.86%,0.36%,1.16%,1.37%
6493,Telles,5230,20.61%,0.76%,1.17%,0.96%,1.09%,75.41%
6528,Tallent,5191,95.86%,0.39%,0.50%,0.27%,1.52%,1.46%
6570,Turman,5155,65.55%,27.10%,0.68%,1.28%,2.89%,2.50%
6636,Tatro,5102,93.43%,0.45%,0.88%,1.06%,1.92%,2.25%
6647,Turcotte,5092,94.29%,0.26%,0.69%,1.73%,1.36%,1.69%
6669,Townes,5067,25.99%,67.14%,0.36%,0.57%,3.04%,2.90%
6672,Toner,5065,93.07%,1.34%,1.03%,0.39%,1.42%,2.74%
6692,Talamantes,5047,7.31%,0.14%,0.24%,0.34%,0.16%,91.82%
6739,Torrey,5004,83.87%,9.25%,0.56%,0.26%,1.94%,4.12%
6751,Tseng,4994,1.80%,(S),94.83%,(S),2.74%,0.56%
6764,Toms,4986,83.47%,10.77%,1.04%,0.50%,1.72%,2.49%
6811,Toland,4952,81.22%,10.20%,1.43%,0.67%,1.74%,4.75%
6824,Tighe,4942,95.37%,0.40%,0.71%,0.16%,1.19%,2.17%
6825,Tinajero,4940,2.77%,(S),(S),0.10%,0.16%,96.82%
6828,Thrower,4938,55.67%,39.55%,0.61%,0.49%,2.41%,1.28%
6839,Takahashi,4928,5.11%,(S),81.55%,(S),10.04%,3.10%
6843,Torgerson,4923,95.31%,0.24%,0.51%,0.53%,1.79%,1.63%
6865,Therrien,4900,94.06%,0.35%,0.76%,0.57%,1.55%,2.71%
6900,Tiffany,4871,91.75%,1.75%,1.35%,0.68%,1.99%,2.48%
6926,Thomasson,4844,87.39%,7.12%,0.62%,0.83%,2.06%,1.98%
6977,Toombs,4806,67.04%,27.26%,0.56%,0.33%,2.16%,2.64%
6999,Tyndall,4786,88.82%,4.91%,0.61%,2.84%,1.46%,1.36%
7008,Troxell,4780,94.56%,0.48%,0.56%,0.90%,2.01%,1.49%
7021,Treat,4765,91.46%,1.05%,0.52%,1.66%,2.77%,2.54%
7038,Truesdale,4757,58.48%,37.42%,0.36%,0.42%,1.91%,1.41%
7103,Tingle,4712,82.09%,13.48%,0.42%,0.40%,2.14%,1.46%
7104,Thaxton,4711,72.66%,21.95%,0.72%,0.49%,2.50%,1.68%
7117,Thrash,4701,69.75%,24.25%,0.55%,0.64%,2.89%,1.91%
7148,Toribio,4679,3.14%,0.34%,6.58%,1.52%,0.83%,87.58%
7167,Ton,4667,8.51%,0.77%,87.21%,0.30%,1.37%,1.84%
7199,Tristan,4642,15.38%,1.46%,0.69%,0.19%,0.47%,81.80%
7201,Tryon,4638,85.79%,7.85%,0.78%,0.80%,2.26%,2.52%
7247,Theodore,4601,50.08%,40.77%,1.96%,1.15%,2.46%,3.59%
7359,Torre,4527,62.09%,5.79%,4.75%,0.24%,1.15%,25.98%
7363,Tarín,4524,16.76%,0.99%,9.79%,0.71%,1.77%,69.98%
7399,Trott,4498,87.33%,6.65%,0.53%,0.67%,2.36%,2.47%
7421,Tharpe,4486,58.09%,36.98%,0.22%,0.65%,2.74%,1.32%
7421,Tower,4486,92.40%,2.72%,0.67%,0.49%,1.38%,2.34%
7434,Tolman,4480,92.52%,1.63%,0.85%,0.38%,1.61%,3.01%
7437,Thiele,4478,93.84%,0.47%,1.03%,0.83%,1.50%,2.34%
7446,Topete,4473,3.00%,(S),0.31%,(S),0.29%,96.33%
7490,Terrones,4448,7.55%,0.22%,0.13%,0.36%,0.22%,91.50%
7519,Tarrant,4425,73.02%,18.62%,1.99%,1.06%,2.73%,2.58%
7536,Tung,4411,4.24%,0.57%,90.23%,0.14%,3.60%,1.22%
7553,Tai,4401,3.86%,3.18%,86.18%,0.23%,4.79%,1.75%
7554,Teasley,4400,48.52%,46.05%,0.23%,0.34%,3.23%,1.64%
7558,Toma,4399,77.97%,0.91%,12.05%,0.11%,4.82%,4.14%
7563,Tessier,4394,91.67%,3.48%,0.39%,0.80%,1.09%,2.57%
7565,Towers,4392,81.08%,12.09%,0.57%,0.39%,1.94%,3.94%
7589,Timberlake,4380,71.58%,22.95%,0.43%,0.62%,2.37%,2.05%
7605,Tooley,4371,84.47%,10.04%,0.59%,0.32%,2.43%,2.15%
7625,Timms,4353,77.37%,16.91%,0.34%,0.74%,2.46%,2.18%
7644,Tippett,4344,88.01%,7.69%,0.58%,0.60%,1.59%,1.54%
7647,Tittle,4343,87.11%,7.51%,0.55%,0.53%,2.12%,2.19%
7663,Tester,4334,94.67%,0.44%,0.46%,0.44%,1.71%,2.28%
7698,Tabb,4312,45.69%,49.51%,0.16%,0.16%,2.81%,1.67%
7714,Tullis,4304,82.92%,11.85%,0.53%,1.02%,1.39%,2.28%
7720,Theobald,4300,95.21%,0.65%,0.33%,0.72%,1.09%,2.00%
7721,Till,4299,90.77%,3.49%,1.72%,0.30%,1.30%,2.42%
7747,Tao,4286,3.10%,(S),92.56%,(S),3.08%,0.72%
7799,Tucci,4245,94.72%,0.40%,0.49%,0.21%,1.08%,3.09%
7803,Turek,4241,95.07%,0.80%,0.78%,0.24%,1.01%,2.10%
7807,Thies,4240,94.83%,0.47%,0.78%,0.47%,1.30%,2.15%
7825,Thurber,4232,94.28%,0.28%,0.69%,0.64%,1.63%,2.48%
7942,Tesch,4166,95.49%,0.19%,0.82%,0.34%,1.25%,1.92%
7950,Trusty,4163,75.83%,18.26%,0.41%,1.03%,2.28%,2.19%
7956,Tarantino,4158,93.60%,0.34%,0.43%,0.41%,0.99%,4.23%
7961,Towle,4156,94.23%,0.65%,0.51%,0.75%,2.07%,1.80%
7966,Terwilliger,4153,96.00%,0.41%,0.60%,0.14%,1.37%,1.47%
7972,Tillotson,4149,89.20%,5.28%,0.41%,0.80%,1.71%,2.60%
7977,Treece,4144,89.65%,4.97%,0.48%,0.94%,1.52%,2.44%
7980,Trussell,4143,84.55%,10.62%,0.77%,0.51%,1.54%,2.00%
8013,Templin,4129,94.99%,0.51%,0.44%,0.51%,1.19%,2.37%
8016,Tetreault,4128,94.96%,0.36%,0.63%,0.22%,2.16%,1.67%
8060,Tennyson,4110,74.50%,18.69%,0.63%,1.02%,2.09%,3.07%
8084,Trail,4101,87.61%,6.68%,0.80%,0.80%,2.00%,2.10%
8150,Thoma,4068,92.70%,2.09%,1.03%,0.29%,1.67%,2.21%
8195,Teter,4050,93.21%,1.11%,0.57%,0.94%,1.43%,2.74%
8259,Triana,4012,19.77%,0.57%,0.90%,(S),(S),78.44%
8277,Tutt,4005,43.02%,49.49%,0.42%,1.57%,3.10%,2.40%
8335,Tupper,3973,91.52%,0.98%,0.76%,1.41%,2.29%,3.05%
8345,Tollefson,3967,94.23%,0.53%,1.08%,0.68%,1.89%,1.59%
8364,Taliaferro,3959,55.49%,36.50%,0.58%,0.83%,4.29%,2.30%
8385,Trost,3948,94.25%,0.94%,0.58%,0.20%,1.70%,2.33%
8386,Townley,3947,93.21%,2.10%,0.25%,0.99%,1.67%,1.77%
8484,Trump,3886,95.60%,0.82%,0.69%,0.23%,1.31%,1.34%
8488,Tinney,3884,88.49%,4.87%,0.46%,1.26%,2.37%,2.55%
8527,Tunstall,3859,42.65%,51.05%,0.49%,0.96%,2.67%,2.18%
8623,Teller,3814,75.93%,2.20%,0.60%,14.58%,1.81%,4.88%
8626,Towner,3813,72.31%,20.43%,0.87%,1.08%,2.33%,2.99%
8697,Traver,3774,92.66%,1.19%,0.64%,0.53%,1.17%,3.82%
8732,Tobey,3756,89.96%,2.10%,0.91%,2.34%,2.90%,1.78%
8736,Trevizo,3754,3.20%,(S),(S),0.35%,(S),96.32%
8756,Tye,3746,71.76%,20.93%,1.92%,0.67%,2.30%,2.43%
8896,Tarpley,3680,70.27%,22.83%,0.52%,0.35%,3.02%,3.02%
8917,Trivedi,3671,2.12%,0.33%,94.33%,0.46%,1.96%,0.79%
8951,Troup,3657,84.71%,11.43%,0.33%,0.33%,1.48%,1.72%
8985,Trigg,3642,72.71%,19.82%,0.49%,1.21%,3.21%,2.55%
8999,Turgeon,3635,92.76%,1.57%,0.47%,0.61%,1.43%,3.16%
9013,Traynor,3628,93.19%,1.49%,0.72%,0.30%,1.49%,2.81%
9114,Tafolla,3584,6.47%,(S),0.22%,0.17%,(S),93.00%
9123,Tomaszewski,3579,95.92%,(S),0.70%,(S),0.75%,2.12%
9150,Trull,3565,91.50%,3.42%,0.34%,0.53%,1.49%,2.72%
9155,Tolle,3564,93.88%,0.70%,0.79%,0.34%,1.40%,2.89%
9161,Tincher,3563,95.90%,0.59%,0.36%,0.84%,1.49%,0.81%
9165,Tims,3561,60.69%,33.05%,0.28%,1.32%,2.13%,2.53%
9181,Tasker,3553,85.53%,9.40%,1.04%,0.34%,1.75%,1.94%
9195,Tian,3547,2.26%,(S),96.02%,(S),0.59%,0.70%
9199,Threatt,3545,38.76%,56.87%,0.17%,0.28%,2.71%,1.21%
9236,Trader,3525,77.45%,17.19%,0.45%,0.74%,1.87%,2.30%
9237,Tadlock,3523,89.41%,4.29%,0.68%,0.97%,1.87%,2.78%
9245,Tressler,3521,95.88%,0.40%,0.34%,0.23%,1.19%,1.96%
9253,Talton,3519,50.38%,42.97%,1.02%,0.74%,2.87%,2.02%
9253,Thiessen,3519,92.75%,0.57%,0.77%,0.71%,1.45%,3.75%
9258,Tweedy,3516,87.29%,7.68%,0.54%,0.85%,1.59%,2.05%
9276,Trimmer,3509,90.48%,3.73%,0.48%,0.40%,1.74%,3.16%
9281,Tarter,3507,89.48%,5.82%,0.68%,0.83%,1.34%,1.85%
9338,Trainer,3487,90.16%,5.85%,0.40%,0.23%,1.43%,1.92%
9399,Tague,3459,86.64%,1.82%,2.83%,0.64%,1.53%,6.53%
9426,Trieu,3451,2.58%,0.14%,94.20%,0.00%,2.14%,0.93%
9455,Tavera,3441,6.22%,0.52%,2.24%,0.17%,0.38%,90.47%
9473,Teng,3433,2.30%,(S),92.98%,(S),2.39%,1.86%
9496,Topping,3423,83.38%,9.00%,0.76%,2.31%,2.37%,2.19%
9511,Tart,3417,69.51%,25.70%,1.17%,0.41%,1.29%,1.93%
9511,Thibeault,3417,96.34%,0.26%,0.20%,0.18%,1.43%,1.58%
9515,Tepper,3416,93.97%,0.59%,0.73%,0.20%,1.26%,3.25%
9562,Towery,3400,92.65%,2.06%,0.53%,0.94%,1.62%,2.21%
9631,Trueblood,3371,84.78%,6.08%,0.59%,3.32%,2.64%,2.58%
9652,Tunnell,3362,85.51%,7.64%,0.62%,1.22%,2.50%,2.50%
9679,Tedford,3354,87.92%,7.93%,0.51%,0.21%,1.76%,1.67%
9722,Trautman,3336,95.38%,0.63%,(S),(S),1.26%,2.34%
9741,Tingley,3327,93.42%,1.89%,0.69%,0.33%,1.62%,2.04%
9747,Tanksley,3325,51.88%,42.53%,0.30%,0.93%,2.92%,1.44%
9770,Trexler,3316,95.84%,0.75%,0.33%,0.45%,0.87%,1.75%
9780,Thrift,3313,91.76%,4.04%,0.36%,0.75%,1.42%,1.66%
9798,Trantham,3304,91.37%,2.91%,0.33%,1.45%,2.12%,1.82%
9800,Trumble,3303,91.34%,3.78%,0.18%,0.85%,1.57%,2.27%
9861,Telford,3280,77.68%,17.10%,0.61%,0.37%,1.68%,2.56%
9865,Tena,3279,5.00%,1.25%,2.87%,0.70%,0.49%,89.69%
9884,Terranova,3271,91.84%,(S),0.43%,(S),0.86%,6.39%
9902,Tapley,3264,87.50%,7.75%,0.37%,0.49%,1.87%,2.02%
9931,Tso,3249,2.31%,0.15%,40.04%,52.60%,3.23%,1.66%
9949,Twomey,3245,94.51%,0.46%,0.74%,0.31%,1.26%,2.71%
9964,Throckmorton,3238,94.35%,2.84%,0.28%,0.22%,0.93%,1.39%
10015,Twigg,3219,93.72%,1.18%,0.50%,0.99%,1.89%,1.71%
10023,Trawick,3215,68.52%,26.87%,0.75%,0.31%,2.21%,1.34%
10029,Trotman,3212,34.46%,57.32%,0.47%,0.50%,3.21%,4.05%
10030,Tillis,3211,40.27%,53.07%,0.44%,0.44%,3.02%,2.77%
10107,Testerman,3187,94.45%,0.31%,0.50%,1.44%,1.60%,1.69%
10114,Tilson,3186,85.53%,8.88%,0.41%,0.72%,1.88%,2.57%
10179,Tennison,3169,78.16%,13.70%,0.63%,1.67%,2.43%,3.41%
10180,Tsui,3168,1.86%,(S),94.48%,(S),2.62%,0.76%
10189,Thome,3163,91.43%,1.01%,0.76%,0.22%,0.98%,5.60%
10191,Thoms,3162,83.93%,9.14%,0.92%,0.95%,1.83%,3.23%
10204,Thakkar,3157,1.68%,0.38%,94.71%,0.54%,2.12%,0.57%
10215,Tabares,3155,6.40%,0.35%,1.58%,0.25%,0.63%,90.78%
10228,Trammel,3152,76.62%,17.10%,0.29%,1.49%,2.57%,1.94%
10243,Tillett,3147,71.37%,19.48%,0.67%,0.32%,2.80%,5.37%
10260,Traxler,3141,91.47%,4.04%,0.48%,0.32%,1.62%,2.07%
10284,Takacs,3135,95.73%,(S),0.45%,(S),0.67%,2.58%
10324,Thorsen,3121,95.00%,0.29%,0.42%,0.45%,1.54%,2.31%
10346,Truelove,3114,89.11%,4.72%,0.64%,0.87%,2.15%,2.50%
10365,Toles,3110,31.77%,60.77%,0.55%,0.55%,3.50%,2.86%
10382,Ting,3103,5.41%,0.81%,87.59%,0.00%,5.29%,0.90%
10387,Tyus,3102,16.89%,78.30%,(S),(S),2.87%,1.61%
10422,Teets,3089,94.50%,1.04%,0.52%,0.42%,1.65%,1.88%
10462,Tomes,3073,82.59%,7.48%,0.62%,0.20%,2.02%,7.09%
10466,Trudell,3071,89.19%,3.00%,0.52%,2.38%,2.38%,2.54%
10472,Taulbee,3068,95.63%,0.36%,0.68%,0.49%,1.83%,1.01%
10491,Toomer,3059,28.11%,66.26%,0.39%,0.16%,3.07%,1.99%
10505,Thill,3055,93.45%,0.79%,0.79%,0.82%,1.41%,2.75%
10510,Timmer,3054,93.55%,2.36%,0.43%,0.36%,1.83%,1.47%
10531,Twyman,3046,43.01%,48.92%,0.33%,0.16%,5.02%,2.56%
10572,Troxel,3032,93.37%,0.49%,0.96%,0.59%,1.98%,2.61%
10641,Toups,3008,94.38%,1.66%,0.37%,0.86%,1.03%,1.70%
10668,Troupe,2999,47.78%,45.22%,0.63%,0.17%,3.60%,2.60%
10706,Teeters,2985,94.47%,1.14%,0.47%,0.37%,2.21%,1.34%
10731,Teske,2975,96.74%,0.20%,0.47%,0.37%,0.87%,1.34%
10792,Trotta,2955,92.62%,1.90%,(S),(S),1.25%,3.82%
10792,Turnbow,2955,84.74%,9.51%,0.37%,1.22%,1.59%,2.57%
10809,Twitty,2947,43.43%,51.17%,0.41%,0.44%,2.68%,1.87%
10822,Troncoso,2943,7.07%,0.48%,1.02%,0.24%,0.27%,90.93%
10834,Tullos,2940,88.64%,4.46%,0.24%,0.44%,1.36%,4.86%
10880,Threadgill,2930,63.31%,29.62%,0.61%,0.48%,3.11%,2.87%
10935,Todaro,2911,94.64%,(S),0.58%,(S),0.45%,4.19%
10956,Tynes,2904,52.38%,41.53%,0.41%,0.34%,3.24%,2.10%
11016,Teitelbaum,2887,97.58%,0.21%,0.24%,0.00%,0.45%,1.52%
11051,Towe,2877,88.08%,7.06%,0.66%,0.87%,1.39%,1.95%
11078,Thielen,2867,94.56%,0.59%,0.49%,0.38%,1.01%,2.96%
11081,Tatman,2864,87.29%,7.44%,0.80%,0.63%,1.29%,2.55%
11104,Toman,2857,91.35%,1.16%,1.23%,0.56%,2.21%,3.50%
11197,Thor,2823,34.11%,1.13%,61.49%,0.18%,1.70%,1.38%
11204,Timothy,2821,66.08%,21.16%,5.64%,1.81%,2.66%,2.66%
11250,Thoman,2810,90.82%,2.67%,1.57%,0.57%,1.46%,2.92%
11250,Tilghman,2810,52.99%,42.35%,0.28%,0.32%,1.92%,2.14%
11312,Tineo,2792,7.06%,0.90%,5.37%,0.21%,0.21%,86.25%
11319,Twitchell,2789,92.76%,0.39%,0.32%,2.69%,1.72%,2.12%
11327,Truesdell,2786,88.62%,6.07%,0.90%,0.39%,1.54%,2.48%
11388,Tomblin,2769,86.42%,9.97%,0.22%,0.25%,1.26%,1.88%
11402,Terhune,2766,91.54%,3.00%,1.34%,0.51%,1.88%,1.74%
11420,Tufts,2759,86.48%,8.70%,0.54%,0.51%,1.67%,2.10%
11440,Townsley,2753,87.58%,7.30%,0.76%,0.76%,1.78%,1.82%
11456,Tweed,2750,91.60%,3.64%,0.36%,0.62%,1.64%,2.15%
11522,Truett,2730,89.89%,6.15%,(S),(S),1.43%,1.54%
11555,Topper,2720,94.67%,1.07%,0.59%,0.51%,1.54%,1.62%
11589,Tomko,2710,96.09%,0.26%,1.07%,0.30%,1.07%,1.22%
11595,Tauber,2708,95.27%,(S),0.89%,(S),0.85%,2.55%
11605,Taub,2705,96.19%,0.63%,0.74%,0.00%,0.55%,1.89%
11622,Tindell,2699,88.33%,6.60%,0.33%,0.52%,2.00%,2.22%
11648,Talarico,2691,94.83%,(S),0.59%,(S),1.00%,3.12%
11669,Triggs,2687,50.76%,42.84%,0.52%,0.33%,2.42%,3.13%
11870,Traub,2638,94.54%,1.10%,0.87%,0.19%,1.21%,2.08%
11877,Toon,2636,80.39%,8.35%,5.08%,1.75%,2.05%,2.39%
11919,Troche,2627,10.96%,2.09%,0.19%,0.23%,0.84%,85.69%
11940,Theiss,2619,95.95%,0.31%,(S),(S),0.95%,2.44%
11942,Toohey,2618,95.38%,(S),0.57%,(S),0.95%,2.48%
11970,Tadeo,2610,5.40%,(S),16.93%,(S),2.03%,75.48%
12059,Trapani,2586,94.24%,(S),0.62%,(S),1.16%,3.56%
12079,Tyre,2581,80.98%,14.68%,0.27%,0.39%,1.28%,2.40%
12121,Topp,2572,88.45%,6.49%,0.62%,0.31%,1.44%,2.68%
12140,Talkington,2566,92.05%,1.33%,0.94%,1.05%,2.49%,2.14%
12140,Tomczak,2566,96.38%,(S),0.23%,(S),0.51%,2.49%
12140,Tuten,2566,88.62%,5.85%,1.33%,0.23%,1.68%,2.30%
12204,Tiernan,2552,95.81%,0.20%,0.51%,0.20%,0.82%,2.47%
12238,Towler,2542,76.63%,19.39%,0.47%,0.47%,1.81%,1.22%
12242,Tuthill,2541,94.49%,1.57%,0.39%,0.35%,1.18%,2.01%
12261,Timko,2537,95.94%,(S),0.71%,(S),0.99%,1.93%
12292,Tomasello,2529,93.40%,0.67%,0.47%,0.28%,0.87%,4.31%
12307,Troiano,2526,94.22%,(S),0.55%,(S),1.07%,3.68%
12348,Timmins,2519,92.02%,3.41%,0.67%,0.24%,1.31%,2.34%
12351,Trosclair,2517,83.08%,8.62%,0.24%,4.17%,1.95%,1.95%
12370,Terpstra,2514,97.14%,(S),0.72%,(S),0.84%,0.88%
12397,Tsao,2508,2.71%,(S),92.90%,(S),3.55%,0.80%
12440,Tobler,2497,75.73%,18.62%,0.56%,0.40%,2.08%,2.60%
12476,Tichenor,2488,91.20%,4.74%,0.68%,0.64%,1.17%,1.57%
12488,Tuma,2484,89.81%,2.78%,0.93%,0.40%,1.57%,4.51%
12683,Tally,2435,77.17%,15.77%,1.48%,1.23%,1.31%,3.04%
12683,Turnipseed,2435,57.13%,38.03%,0.21%,1.03%,1.81%,1.81%
12715,Tiger,2428,43.90%,6.14%,0.66%,38.06%,7.04%,4.20%
12802,Tanguay,2409,96.10%,0.29%,0.58%,0.25%,1.29%,1.49%
12827,Tercero,2403,4.54%,(S),0.83%,(S),0.29%,94.22%
12842,Thoreson,2397,94.87%,0.33%,0.67%,0.42%,1.67%,2.04%
12869,Tietz,2392,95.86%,(S),0.46%,(S),0.42%,2.84%
12881,Touchet,2389,94.81%,0.88%,0.21%,0.21%,0.80%,3.10%
12889,Towles,2386,64.71%,28.50%,0.46%,0.59%,2.18%,3.56%
12916,Turco,2380,94.50%,(S),0.88%,(S),0.63%,3.49%
12978,Tapper,2366,81.49%,13.40%,0.51%,0.34%,2.03%,2.24%
13010,Tanis,2359,74.69%,20.18%,(S),(S),1.74%,2.67%
13023,Torrance,2358,73.92%,21.12%,0.51%,0.34%,2.25%,1.87%
13029,Town,2357,88.21%,5.05%,2.08%,0.85%,2.08%,1.74%
13037,Tant,2355,90.74%,0.85%,3.69%,0.68%,2.29%,1.74%
13042,Thurlow,2354,95.58%,0.51%,0.51%,0.55%,1.06%,1.78%
13065,Taing,2350,3.87%,1.40%,91.36%,0.00%,2.00%,1.36%
13148,Thapa,2328,2.71%,(S),92.57%,(S),2.71%,1.16%
13171,Tedeschi,2321,96.85%,(S),0.47%,(S),0.47%,1.98%
13184,Tollison,2319,93.01%,2.67%,0.86%,1.08%,1.21%,1.16%
13190,Tidd,2317,94.13%,2.46%,0.52%,0.22%,1.21%,1.47%
13278,Truss,2297,31.43%,61.82%,0.26%,0.61%,4.01%,1.87%
13322,Trumbull,2290,92.88%,0.92%,0.61%,0.70%,2.18%,2.71%
13370,Tolar,2279,86.70%,7.63%,1.18%,0.57%,1.67%,2.24%
13376,Torkelson,2277,94.86%,0.26%,0.79%,0.66%,1.54%,1.89%
13383,Toll,2276,90.99%,1.41%,2.77%,0.53%,0.48%,3.82%
13391,Tieu,2275,0.84%,(S),95.69%,(S),2.37%,1.01%
13462,Talmadge,2262,74.85%,12.78%,0.97%,0.62%,3.32%,7.47%
13462,Trottier,2262,84.00%,0.27%,0.40%,10.08%,2.92%,2.34%
13474,Trim,2258,65.54%,29.05%,1.11%,0.44%,1.90%,1.95%
13480,Tiwari,2255,4.35%,3.81%,87.76%,0.62%,2.26%,1.20%
13483,Tutor,2254,91.75%,(S),3.28%,(S),1.69%,2.13%
13497,Taormina,2250,94.09%,0.36%,0.44%,0.00%,0.84%,4.27%
13551,Thaler,2237,92.71%,0.89%,2.24%,0.67%,1.07%,2.41%
13551,Threlkeld,2237,86.54%,8.85%,0.45%,0.31%,1.74%,2.10%
13564,Trang,2236,2.64%,(S),95.04%,(S),1.48%,0.58%
13572,Tocco,2234,96.24%,0.45%,(S),(S),0.81%,2.28%
13646,Thornberry,2219,96.03%,(S),(S),0.41%,1.22%,1.94%
13670,Teegarden,2215,95.35%,(S),0.90%,(S),1.26%,1.85%
13674,Tartaglia,2214,93.36%,(S),0.68%,(S),1.49%,4.11%
13674,Troutt,2214,91.55%,3.75%,0.27%,0.72%,1.31%,2.39%
13690,Tramel,2212,77.31%,15.51%,0.68%,1.54%,2.22%,2.76%
13707,Tandy,2208,73.05%,17.89%,2.36%,1.09%,2.81%,2.81%
13727,Tarvin,2205,79.68%,14.38%,0.59%,0.77%,1.36%,3.22%
13727,Tindle,2205,83.81%,10.07%,0.54%,0.41%,3.04%,2.13%
13764,Touré,2198,2.37%,92.22%,(S),(S),2.59%,2.05%
13775,Thrush,2196,94.76%,0.41%,0.41%,0.27%,1.09%,3.05%
13824,Tindal,2187,52.67%,35.80%,6.17%,0.32%,3.34%,1.69%
13884,Turbeville,2175,94.57%,1.01%,0.51%,0.60%,1.61%,1.70%
13938,Trinkle,2166,94.74%,(S),1.25%,(S),1.52%,1.89%
13944,Taplin,2165,51.55%,44.11%,0.69%,0.51%,1.29%,1.85%
13944,Trego,2165,78.98%,0.60%,0.42%,0.32%,0.79%,18.89%
13955,Tedrow,2162,95.00%,(S),0.88%,(S),1.76%,1.53%
14050,Tiner,2143,88.99%,4.01%,0.51%,1.26%,2.52%,2.71%
14050,Tosh,2143,92.58%,0.70%,1.68%,0.75%,2.94%,1.35%
14058,Tune,2142,79.04%,12.89%,1.77%,1.49%,2.38%,2.43%
14070,Tigner,2138,57.53%,36.58%,0.42%,0.51%,2.53%,2.43%
14119,Tritt,2128,88.82%,2.16%,1.17%,4.09%,0.99%,2.77%
14127,Tank,2127,83.59%,2.30%,10.81%,(S),(S),2.21%
14127,Tostado,2127,4.33%,(S),(S),(S),(S),95.06%
14139,Tien,2125,7.67%,0.28%,87.81%,0.00%,3.81%,0.42%
14223,Toothman,2109,94.69%,0.76%,0.47%,0.76%,1.33%,1.99%
14227,Then,2108,24.43%,0.62%,8.78%,(S),(S),65.75%
14238,Tannehill,2106,83.71%,6.60%,0.76%,2.66%,3.28%,2.99%
14238,Torok,2106,95.49%,0.43%,0.76%,0.24%,1.04%,2.04%
14316,Trivette,2090,97.85%,(S),0.29%,(S),0.57%,1.10%
14316,Tulloch,2090,44.93%,47.03%,0.77%,0.24%,4.11%,2.92%
14374,Tannenbaum,2080,96.35%,0.34%,0.87%,0.24%,0.96%,1.25%
14378,Tardiff,2079,94.32%,(S),0.67%,(S),1.83%,2.60%
14409,Taboada,2074,7.52%,(S),3.52%,(S),0.29%,88.43%
14434,Trivett,2070,95.56%,1.01%,1.26%,(S),1.35%,(S)
14478,Tefft,2062,95.10%,0.29%,0.73%,0.24%,1.50%,2.13%
14511,Tarbox,2055,95.38%,0.83%,0.78%,0.39%,1.12%,1.51%
14532,Tallant,2051,94.25%,0.39%,0.88%,0.78%,1.66%,2.05%
14549,Tynan,2048,93.60%,0.24%,1.07%,0.54%,1.12%,3.42%
14571,Trimm,2044,84.74%,7.93%,0.98%,0.78%,3.13%,2.45%
14591,Tamura,2040,11.67%,0.98%,70.83%,0.29%,13.58%,2.65%
14591,Tarlton,2040,90.49%,5.44%,0.25%,0.25%,2.30%,1.27%
14686,Taranto,2025,91.46%,(S),1.98%,(S),0.94%,5.33%
14749,Taha,2014,71.90%,13.56%,4.82%,1.19%,5.31%,3.23%
14787,Tome,2007,61.68%,1.30%,5.58%,1.30%,1.25%,28.90%
14854,Tiscareño,1994,4.66%,(S),0.35%,(S),(S),94.53%
14878,Townson,1989,75.36%,18.35%,0.65%,1.21%,1.66%,2.77%
14893,Taff,1987,93.26%,2.06%,0.60%,1.21%,1.41%,1.46%
14920,Tahir,1984,16.48%,9.63%,66.58%,(S),5.70%,(S)
14930,Than,1983,2.87%,0.50%,93.90%,0.00%,1.56%,1.16%
14937,Tansey,1981,92.18%,2.32%,0.40%,0.61%,1.77%,2.73%
14957,Toone,1977,85.53%,9.41%,1.47%,0.51%,1.62%,1.47%
14979,Traoré,1973,1.93%,94.02%,(S),(S),1.88%,1.72%
15043,Tobón,1964,6.31%,(S),(S),0.00%,(S),93.38%
15104,Thornsberry,1953,94.21%,1.74%,0.26%,0.72%,1.69%,1.38%
15140,Talamantez,1948,11.86%,(S),0.56%,1.03%,(S),86.24%
15140,Tolan,1948,85.78%,6.01%,1.80%,0.72%,2.36%,3.34%
15268,Tassone,1924,94.85%,(S),0.47%,(S),0.94%,3.27%
15272,Tardif,1923,95.27%,0.78%,(S),(S),1.77%,1.98%
15272,Trosper,1923,86.48%,4.63%,0.47%,3.64%,1.40%,3.38%
15289,Tall,1920,46.61%,36.77%,2.50%,7.08%,3.91%,3.13%
15296,Tickle,1919,96.25%,1.20%,(S),(S),0.73%,1.30%
15355,Tow,1910,78.69%,0.73%,13.72%,1.05%,2.15%,3.66%
15370,TenEyck,1908,90.99%,3.04%,0.52%,0.94%,1.31%,3.20%
15370,Tun,1908,5.03%,0.84%,74.69%,0.00%,2.15%,17.30%
15380,Tolleson,1907,95.02%,0.47%,0.42%,0.79%,1.26%,2.05%
15391,Touchstone,1905,86.51%,7.82%,0.37%,0.63%,1.78%,2.89%
15418,Tonkin,1900,94.68%,(S),0.89%,(S),1.84%,2.21%
15477,Trigueros,1892,4.44%,(S),(S),(S),(S),95.19%
15499,Teer,1889,88.62%,5.56%,1.75%,(S),(S),2.38%
15635,Tooker,1869,93.37%,0.70%,0.91%,0.86%,1.50%,2.68%
15651,Thieme,1866,93.30%,0.32%,0.75%,0.38%,1.88%,3.38%
15709,Tibbitts,1857,92.30%,(S),(S),2.37%,1.18%,3.23%
15712,Thibodaux,1856,92.78%,4.26%,(S),(S),1.02%,1.02%
15734,Torbert,1853,64.98%,30.33%,(S),(S),2.27%,1.40%
15758,Traina,1850,92.97%,0.65%,(S),(S),1.41%,4.49%
15763,Tagle,1849,10.71%,(S),20.88%,(S),2.27%,65.82%
15763,Turnquist,1849,93.13%,2.81%,(S),(S),1.08%,2.33%
15800,Tellier,1843,95.01%,1.52%,0.38%,0.60%,0.87%,1.63%
15818,Tyra,1841,88.16%,6.95%,(S),(S),1.58%,2.61%
15824,Teeple,1840,87.39%,0.43%,0.76%,6.68%,2.77%,1.96%
15833,Tilden,1838,88.63%,1.74%,0.60%,4.62%,1.63%,2.77%
15845,Tidmore,1837,83.34%,11.59%,0.38%,0.82%,2.12%,1.74%
15854,Thang,1836,1.91%,(S),94.99%,(S),1.69%,0.65%
15938,Tardy,1823,63.80%,25.67%,2.74%,(S),(S),5.65%
16004,Tiemann,1814,93.72%,(S),0.72%,(S),1.38%,3.69%
16031,Tarkington,1809,79.82%,12.94%,0.28%,1.44%,2.43%,3.10%
16051,Tischler,1806,95.35%,0.33%,0.39%,0.00%,1.38%,2.55%
16100,Twombly,1798,96.00%,(S),0.61%,(S),1.11%,2.06%
16161,Tellis,1789,23.31%,68.59%,2.96%,0.00%,1.62%,3.52%
16171,Thakur,1787,3.08%,0.95%,92.56%,0.45%,1.96%,1.01%
16228,Thiede,1779,95.90%,0.28%,0.45%,0.51%,1.63%,1.24%
16265,Threet,1773,78.91%,14.55%,0.39%,0.96%,2.93%,2.26%
16295,Tabler,1770,78.19%,9.60%,1.07%,2.43%,6.44%,2.26%
16305,Tippins,1768,62.61%,31.33%,0.57%,0.51%,3.17%,1.81%
16327,Tacker,1765,84.82%,4.99%,1.19%,1.59%,2.38%,5.04%
16327,Tinnin,1765,65.27%,26.46%,0.34%,1.59%,2.78%,3.57%
16338,Tiedemann,1764,94.27%,(S),1.81%,(S),1.19%,1.70%
16343,Tinch,1763,66.36%,30.74%,(S),(S),1.59%,0.79%
16376,Tyrell,1758,53.30%,33.96%,5.18%,0.51%,3.47%,3.58%
16385,Trépanier,1757,92.26%,(S),(S),3.47%,1.37%,1.99%
16395,Teed,1755,93.68%,1.14%,1.14%,0.34%,1.54%,2.17%
16395,Tuohy,1755,96.64%,(S),0.57%,(S),0.68%,1.88%
16415,Turpen,1753,94.41%,(S),0.80%,(S),2.34%,1.88%
16420,Tomberlin,1752,94.18%,2.40%,(S),(S),1.37%,1.37%
16427,Temples,1751,94.00%,1.77%,0.34%,0.34%,1.37%,2.17%
16427,Tieman,1751,95.37%,0.46%,0.97%,0.51%,1.26%,1.43%
16427,Truex,1751,93.89%,(S),0.69%,(S),1.83%,3.20%
16475,Tetrault,1744,94.09%,(S),(S),1.26%,1.15%,2.52%
16494,Tschida,1742,96.50%,(S),0.57%,(S),0.86%,1.66%
16502,Tinkham,1741,95.52%,(S),(S),0.57%,1.32%,2.13%
16502,Trower,1741,66.92%,27.28%,0.34%,1.03%,2.35%,2.07%
16536,Tay,1736,19.47%,9.97%,58.12%,(S),(S),9.91%
16593,Trollinger,1728,83.51%,10.71%,0.69%,0.35%,2.26%,2.49%
16624,Thornley,1725,94.14%,1.74%,(S),(S),1.86%,1.51%
16781,Tariq,1702,3.70%,3.64%,89.07%,0.00%,2.59%,1.00%
16824,Tipps,1697,81.20%,12.67%,0.53%,1.36%,2.18%,2.06%
16856,Thrall,1693,94.74%,0.59%,0.53%,0.35%,1.30%,2.48%
16868,Tilford,1690,75.74%,19.17%,0.41%,0.36%,2.37%,1.95%
16919,Templeman,1682,88.70%,5.29%,1.07%,0.59%,2.14%,2.20%
16984,Tuller,1673,88.88%,6.22%,0.42%,0.54%,1.14%,2.81%
17014,Tebo,1670,89.34%,3.17%,0.36%,2.04%,1.92%,3.17%
17026,Theus,1669,27.14%,66.87%,(S),(S),2.88%,2.34%
17033,Tack,1668,90.71%,2.94%,2.52%,0.42%,0.90%,2.52%
17056,Trombetta,1665,94.95%,0.42%,0.36%,0.30%,0.96%,3.00%
17176,Tawney,1649,92.78%,0.55%,1.39%,0.97%,1.52%,2.79%
17182,Tietjen,1648,94.78%,0.55%,0.55%,0.30%,1.15%,2.67%
17239,Tibbits,1643,92.94%,0.49%,0.97%,1.89%,1.70%,2.01%
17290,Twiss,1637,82.53%,0.37%,0.73%,10.08%,2.20%,4.09%
17337,Turrentine,1630,59.02%,34.79%,(S),(S),2.45%,2.52%
17345,Tonn,1629,91.84%,1.41%,3.19%,0.43%,1.35%,1.78%
17345,Trumbo,1629,81.03%,12.15%,0.68%,0.74%,2.64%,2.76%
17359,Tussey,1627,95.27%,0.31%,0.49%,0.37%,1.54%,2.03%
17367,Tarbell,1626,80.81%,0.74%,0.37%,12.85%,2.28%,2.95%
17379,Tarnowski,1625,95.02%,(S),0.86%,(S),1.54%,2.40%
17419,Tetzlaff,1620,95.37%,(S),(S),0.43%,1.05%,2.72%
17419,Toto,1620,73.95%,5.25%,2.10%,0.00%,0.62%,18.09%
17428,Treacy,1619,94.44%,0.68%,(S),(S),1.11%,3.09%
17463,Tarleton,1614,78.00%,18.15%,(S),(S),2.79%,0.74%
17481,Tann,1612,30.89%,49.63%,13.96%,0.50%,2.79%,2.23%
17521,Thole,1608,94.28%,(S),1.43%,(S),1.00%,2.36%
17530,Trogdon,1606,91.66%,5.23%,0.44%,0.68%,1.12%,0.87%
17541,Tober,1604,81.42%,1.56%,(S),(S),1.68%,13.90%
17559,Tollett,1602,91.26%,3.00%,0.69%,1.06%,1.87%,2.12%
17572,Telfer,1600,79.81%,14.44%,1.00%,0.44%,1.19%,3.13%
17572,Tews,1600,95.63%,0.38%,0.94%,0.00%,1.38%,1.69%
17613,Trombly,1595,95.86%,(S),(S),1.00%,1.32%,1.25%
17639,Tassin,1593,83.55%,12.81%,0.63%,0.31%,1.07%,1.63%
17639,Tat,1593,4.58%,1.19%,91.96%,(S),1.26%,(S)
17651,Turlington,1592,85.62%,8.79%,0.44%,0.44%,1.82%,2.89%
17720,Trovato,1582,93.30%,0.32%,(S),(S),0.57%,5.56%
17775,Twilley,1576,75.70%,19.80%,0.44%,0.76%,2.22%,1.08%
17789,Tennis,1574,93.52%,1.08%,0.38%,0.76%,1.21%,3.05%
17789,Tunney,1574,88.82%,2.35%,0.44%,5.65%,1.21%,1.52%
17809,Treanor,1572,94.34%,(S),0.64%,(S),1.40%,2.93%
17839,Treadaway,1568,92.35%,2.30%,0.51%,1.40%,1.40%,2.04%
17874,Tourville,1565,95.14%,(S),0.89%,(S),1.85%,1.60%
17883,Towell,1564,87.92%,5.18%,1.02%,1.21%,1.92%,2.75%
17927,Theroux,1559,95.83%,(S),0.64%,(S),1.60%,1.28%
17951,Tee,1557,30.25%,11.11%,50.74%,2.57%,2.89%,2.44%
17958,Tuazon,1556,2.63%,(S),89.72%,(S),4.05%,3.53%
18007,Teo,1550,4.39%,(S),62.65%,(S),5.61%,26.26%
18007,Tippit,1550,84.77%,9.10%,0.52%,1.61%,1.55%,2.45%
18007,Tope,1550,89.55%,2.52%,1.61%,0.71%,1.61%,4.00%
18028,Toby,1548,60.01%,29.59%,1.87%,3.17%,1.87%,3.49%
18078,Tirrell,1542,92.41%,2.33%,(S),(S),2.01%,2.14%
18128,Tell,1536,59.44%,29.95%,2.28%,0.39%,3.26%,4.69%
18166,Tapscott,1532,74.28%,19.19%,(S),(S),3.07%,2.61%
18177,Trillo,1531,18.35%,(S),2.35%,(S),0.98%,77.99%
18208,Troxler,1528,74.28%,21.53%,(S),(S),1.96%,1.83%
18311,Triolo,1514,94.06%,0.46%,0.33%,0.00%,0.86%,4.29%
18326,Terrero,1512,2.91%,1.12%,(S),(S),(S),95.57%
18337,Teves,1511,47.52%,(S),30.64%,(S),8.93%,12.31%
18385,Thierry,1506,38.38%,48.47%,(S),(S),4.78%,7.37%
18457,Tiburcio,1499,4.34%,0.60%,10.21%,(S),(S),84.59%
18478,Tadros,1496,92.58%,0.60%,1.00%,0.00%,2.94%,2.87%
18478,Touchette,1496,91.58%,2.81%,(S),(S),2.07%,2.74%
18529,Tignor,1489,92.75%,3.69%,(S),(S),1.21%,1.54%
18614,Tevis,1479,76.94%,15.48%,0.61%,0.81%,2.70%,3.45%
18648,Tocci,1475,95.12%,(S),0.41%,(S),1.42%,2.92%
18648,Topham,1475,95.93%,(S),0.47%,(S),1.15%,2.24%
18724,Trafton,1467,85.34%,10.02%,(S),(S),1.36%,2.59%
18734,Tadesse,1465,1.09%,96.04%,0.61%,(S),1.57%,(S)
18751,Tousignant,1463,95.90%,0.34%,0.48%,0.62%,0.41%,2.26%
18757,Thein,1462,56.98%,(S),37.89%,(S),2.05%,2.33%
18778,Taube,1460,94.79%,(S),1.23%,(S),1.37%,2.26%
18808,Toews,1456,96.09%,(S),0.82%,(S),0.55%,2.27%
18819,Tessmer,1455,97.53%,(S),(S),(S),0.48%,1.51%
18841,Tabron,1452,6.82%,81.68%,4.06%,(S),3.99%,(S)
18841,Texeira,1452,47.87%,(S),7.71%,(S),11.91%,25.69%
18888,Turano,1446,94.67%,(S),0.69%,(S),0.90%,3.53%
19075,Tesfaye,1427,1.19%,96.50%,0.42%,(S),1.26%,(S)
19097,Trager,1425,95.23%,0.35%,0.77%,0.00%,0.98%,2.67%
19105,Teodoro,1424,17.91%,(S),33.64%,(S),2.81%,45.08%
19131,Tiede,1421,96.41%,(S),0.84%,(S),0.63%,1.20%
19152,Traywick,1418,81.88%,14.32%,0.56%,0.71%,1.41%,1.13%
19210,Ternes,1413,95.19%,(S),0.50%,(S),1.34%,2.41%
19223,Townsel,1412,17.07%,77.34%,0.64%,0.42%,3.33%,1.20%
19242,Torpey,1409,95.46%,0.64%,0.50%,0.85%,0.64%,1.92%
19266,Titsworth,1407,77.54%,14.21%,0.43%,2.06%,2.20%,3.55%
19282,Taunton,1405,91.96%,3.91%,(S),(S),1.49%,1.64%
19341,Tripathi,1399,2.22%,(S),94.28%,(S),2.43%,0.64%
19398,Toor,1393,16.08%,1.01%,77.32%,0.36%,4.45%,0.79%
19416,Tokarz,1392,97.77%,(S),(S),(S),(S),1.51%
19498,Taddeo,1385,93.65%,(S),0.51%,(S),1.81%,3.83%
19498,Tedrick,1385,92.20%,3.61%,0.51%,0.58%,1.16%,1.95%
19513,Touch,1384,10.04%,0.72%,84.03%,0.65%,3.32%,1.23%
19513,Tubb,1384,92.99%,1.45%,0.58%,0.51%,1.37%,3.11%
19581,Thong,1378,1.23%,2.47%,92.53%,(S),2.83%,(S)
19614,Throop,1375,94.47%,(S),(S),0.44%,1.96%,2.47%
19628,Tabora,1374,6.70%,(S),22.85%,(S),1.67%,67.47%
19642,Tappan,1373,89.29%,5.24%,(S),(S),0.95%,3.86%
19654,Toal,1371,95.04%,(S),0.66%,(S),1.39%,2.12%
19671,Tredway,1370,94.16%,1.31%,0.58%,1.09%,1.17%,1.68%
19688,Tripodi,1369,93.43%,(S),(S),(S),0.37%,5.84%
19716,Tawil,1366,90.56%,0.59%,(S),(S),2.34%,6.00%
19763,Takeuchi,1362,5.73%,(S),79.52%,(S),11.67%,3.01%
19763,Thweatt,1362,77.46%,17.11%,(S),(S),2.50%,2.28%
19782,Thedford,1360,55.00%,37.13%,(S),(S),3.46%,3.68%
19782,Twiggs,1360,52.94%,38.90%,0.37%,1.62%,3.09%,3.09%
19834,Tham,1355,4.72%,3.32%,87.75%,(S),2.29%,(S)
19834,Tingler,1355,95.94%,0.59%,(S),(S),1.62%,1.33%
19834,Tortora,1355,93.28%,(S),0.37%,(S),0.89%,5.31%
19885,Tison,1351,90.60%,(S),3.26%,(S),1.33%,3.33%
19885,Tyer,1351,82.16%,9.99%,2.74%,2.00%,1.18%,1.92%
19933,Tangen,1346,96.29%,(S),0.89%,(S),1.19%,1.19%
19955,Tallon,1344,91.52%,0.37%,0.37%,0.74%,1.79%,5.21%
19955,Toft,1344,95.83%,(S),0.67%,(S),1.64%,1.71%
19955,Trudel,1344,94.87%,(S),0.45%,(S),1.64%,2.53%
19966,Torchia,1343,94.56%,(S),(S),(S),1.56%,3.13%
19976,Treiber,1342,96.20%,0.45%,0.45%,0.45%,0.37%,2.09%
19997,Teasdale,1339,92.61%,1.64%,0.37%,0.75%,1.72%,2.91%
20010,Terriquez,1338,2.47%,0.82%,(S),0.00%,(S),96.56%
20057,Twining,1333,95.80%,(S),0.68%,(S),1.58%,1.65%
20065,Tokar,1332,95.35%,(S),0.75%,(S),1.58%,2.10%
20065,Torralba,1332,3.45%,(S),27.85%,2.85%,(S),64.19%
