Rank,Name,Count,White,Black,API,AIAN,2+ Races,Hispanic
53,Evans,355593,68.39%,25.72%,0.47%,0.74%,2.30%,2.39%
58,Edwards,332423,62.13%,31.63%,0.50%,0.77%,2.47%,2.50%
131,Ellis,188968,70.36%,23.47%,0.54%,0.66%,2.24%,2.73%
210,Elliott,135765,81.62%,12.96%,0.54%,0.66%,2.00%,2.21%
238,Estrada,127470,4.58%,0.43%,1.66%,0.20%,0.28%,92.86%
271,Espinoza,112154,4.03%,0.23%,0.38%,0.27%,0.17%,94.91%
389,Erickson,82085,95.05%,0.37%,0.65%,0.57%,1.44%,1.92%
520,Escobar,64403,5.17%,0.41%,1.55%,0.18%,0.26%,92.44%
740,Eaton,47184,85.11%,9.56%,0.54%,0.76%,1.72%,2.31%
748,English,46393,71.37%,22.42%,0.72%,0.57%,2.48%,2.44%
809,Ellison,42827,65.84%,28.32%,0.59%,0.57%,2.29%,2.40%
816,Esparza,42559,5.12%,0.14%,0.18%,0.24%,0.15%,94.17%
837,Enríquez,41271,4.04%,0.55%,7.92%,0.42%,0.56%,86.51%
876,Everett,39593,68.90%,24.59%,0.51%,0.70%,2.10%,3.21%
896,Espinosa,38667,7.73%,0.43%,3.50%,0.33%,0.36%,87.65%
925,Esquivel,37578,4.12%,0.15%,0.68%,0.16%,0.21%,94.66%
956,Estes,36318,86.75%,7.17%,0.48%,1.04%,2.07%,2.49%
1049,Ewing,33314,76.28%,17.89%,0.62%,0.43%,2.22%,2.57%
1145,Emerson,30702,84.83%,8.19%,0.71%,1.61%,1.98%,2.68%
1174,England,29926,88.91%,5.28%,0.48%,1.00%,1.95%,2.38%
1186,Elder,29796,79.15%,15.72%,0.52%,0.40%,1.83%,2.38%
1211,Escobedo,29185,4.28%,0.10%,0.44%,0.15%,0.15%,94.89%
1365,Emery,25839,88.22%,5.60%,0.67%,1.06%,1.87%,2.57%
1369,Elmore,25774,74.99%,19.15%,0.54%,0.50%,2.48%,2.34%
1377,Ervin,25698,58.27%,35.60%,0.51%,0.56%,2.61%,2.45%
1402,Eldridge,25299,81.79%,12.81%,0.46%,0.87%,2.08%,1.99%
1426,Elkins,24902,90.59%,4.10%,0.49%,0.81%,1.74%,2.28%
1432,Edmonds,24857,60.79%,32.73%,0.52%,0.71%,2.92%,2.33%
1443,Elias,24696,41.59%,4.80%,1.84%,0.32%,1.34%,50.11%
1561,Egan,23048,94.48%,0.58%,1.01%,0.33%,1.24%,2.36%
1576,Esposito,22789,93.58%,0.34%,0.42%,0.11%,0.68%,4.88%
1594,Erwin,22496,87.78%,6.17%,0.76%,0.85%,1.75%,2.68%
1644,Engel,21933,95.20%,0.26%,0.58%,0.33%,1.29%,2.33%
1715,Escamilla,20958,4.80%,0.22%,0.30%,0.22%,0.16%,94.30%
1736,Escalante,20626,5.48%,0.48%,2.09%,1.24%,0.47%,90.24%
1755,Eubanks,20424,73.58%,20.99%,0.36%,0.94%,2.33%,1.80%
1784,Epps,20112,30.98%,61.87%,0.25%,1.25%,3.12%,2.52%
1858,Eddy,19321,91.09%,3.13%,0.65%,0.92%,1.50%,2.71%
1866,Engle,19226,94.30%,0.63%,0.63%,0.60%,1.55%,2.29%
1969,Ernst,18361,94.97%,0.58%,0.69%,0.29%,1.35%,2.12%
2031,Eason,17714,57.93%,36.27%,0.61%,0.50%,2.61%,2.08%
2093,Eckert,17269,95.33%,0.23%,0.68%,0.34%,1.33%,2.09%
2162,Eastman,16791,88.31%,4.65%,0.70%,1.77%,1.98%,2.60%
2212,Easley,16459,62.25%,31.14%,0.66%,1.08%,2.72%,2.15%
2220,Ennis,16419,83.19%,11.51%,0.64%,0.58%,1.81%,2.26%
2270,Earl,16027,72.35%,21.36%,0.71%,0.73%,2.14%,2.71%
2278,Espino,15997,3.61%,0.25%,4.76%,0.11%,0.40%,90.87%
2289,Espinal,15924,2.44%,0.53%,0.36%,0.08%,0.08%,96.51%
2365,Elizondo,15419,6.21%,0.14%,0.28%,0.34%,0.23%,92.80%
2501,Echols,14456,47.65%,46.56%,0.33%,0.62%,2.48%,2.37%
2556,Elam,14138,67.73%,26.79%,0.59%,0.84%,2.20%,1.85%
2575,Estep,14037,92.61%,2.66%,0.52%,0.61%,1.67%,1.94%
2578,Early,14014,73.23%,21.45%,0.46%,0.73%,2.15%,1.97%
2611,Ellsworth,13813,90.81%,3.33%,0.75%,1.12%,1.56%,2.43%
2618,Estrella,13758,9.27%,0.55%,8.29%,0.51%,1.24%,80.14%
2667,Edmondson,13524,71.92%,22.17%,0.49%,0.50%,2.10%,2.82%
2673,Emmons,13493,91.71%,3.08%,0.64%,0.53%,1.97%,2.06%
2745,Ely,13130,88.06%,6.70%,0.66%,0.57%,1.71%,2.30%
2769,Easter,13036,67.02%,27.43%,0.39%,0.65%,2.52%,1.99%
2786,Epstein,12952,95.72%,0.31%,0.70%,0.04%,1.03%,2.19%
2798,Epperson,12884,83.67%,9.50%,0.59%,1.23%,2.41%,2.61%
2809,Ebert,12830,95.13%,0.51%,0.61%,0.35%,1.29%,2.11%
2843,East,12684,84.01%,11.11%,0.48%,0.50%,1.71%,2.18%
3014,Edgar,11895,87.41%,4.78%,1.34%,0.48%,1.88%,4.12%
3119,Edge,11556,80.75%,13.49%,0.39%,1.15%,2.00%,2.22%
3132,Ellington,11522,62.74%,31.00%,0.49%,0.43%,2.25%,3.09%
3247,Ezell,11121,68.96%,26.50%,0.31%,0.57%,1.83%,1.84%
3250,Eller,11103,93.57%,1.48%,0.54%,0.98%,1.41%,2.02%
3273,Estévez,11032,5.55%,0.44%,0.38%,0.05%,0.16%,93.42%
3305,Elrod,10851,93.53%,2.35%,0.29%,0.69%,1.42%,1.72%
3352,Eng,10682,13.50%,(S),77.38%,(S),5.96%,2.79%
3425,Etheridge,10420,74.68%,20.07%,0.33%,0.65%,1.93%,2.34%
3477,Easton,10276,81.83%,12.04%,0.69%,0.60%,2.51%,2.33%
3507,Everhart,10186,89.66%,6.33%,0.51%,0.45%,1.23%,1.82%
3518,Earley,10140,84.42%,10.50%,0.41%,0.53%,1.96%,2.17%
3550,Eggleston,10057,78.16%,16.93%,0.67%,0.36%,1.89%,1.99%
3636,Echevarría,9777,6.87%,1.02%,1.06%,0.17%,0.31%,90.56%
3713,Echeverría,9552,6.72%,0.16%,0.51%,0.14%,0.27%,92.20%
3777,Edmond,9369,20.23%,72.52%,1.34%,0.44%,2.88%,2.59%
3809,Evers,9300,92.30%,3.15%,0.65%,0.30%,1.10%,2.51%
3923,Erb,9060,96.08%,0.33%,0.49%,0.42%,1.10%,1.58%
3925,Eads,9056,93.68%,1.33%,0.49%,0.95%,1.78%,1.78%
3967,Evangelista,8964,35.35%,0.56%,32.56%,0.19%,3.55%,27.79%
4092,Embry,8675,74.01%,20.52%,1.07%,0.40%,2.13%,1.87%
4095,Earle,8672,77.35%,16.96%,0.63%,0.47%,1.88%,2.70%
4160,Elliot,8518,76.68%,16.39%,0.89%,0.74%,2.01%,3.29%
4201,Easterling,8433,68.41%,27.17%,0.45%,0.62%,2.00%,1.35%
4261,Eagle,8325,79.26%,4.66%,0.67%,9.55%,3.15%,2.71%
4392,Enos,8097,76.88%,2.40%,3.88%,7.74%,4.57%,4.53%
4452,Earnest,7968,85.72%,9.45%,0.74%,0.34%,1.51%,2.25%
4479,Eggers,7921,95.22%,0.44%,0.59%,0.30%,1.24%,2.21%
4489,Eaves,7902,82.61%,11.23%,0.35%,1.27%,2.13%,2.42%
4502,Ethridge,7878,80.79%,13.26%,0.44%,0.72%,1.93%,2.84%
4510,Etienne,7867,11.53%,82.20%,0.27%,0.15%,2.57%,3.28%
4611,Everson,7694,80.44%,14.82%,0.47%,0.61%,1.95%,1.72%
4618,Eck,7681,95.66%,0.29%,0.61%,0.27%,1.16%,2.00%
4714,Ehlers,7524,95.31%,0.47%,0.62%,0.35%,0.97%,2.29%
4736,Eden,7489,85.70%,5.27%,1.26%,1.07%,1.98%,4.73%
4909,Encarnación,7171,2.90%,1.98%,14.74%,0.07%,1.02%,79.29%
4951,Enright,7108,93.18%,0.75%,0.77%,0.87%,1.70%,2.73%
5148,Eisenberg,6798,95.54%,(S),0.90%,(S),1.16%,2.10%
5155,Eby,6786,93.74%,1.02%,0.65%,0.44%,1.62%,2.53%
5271,Escalera,6616,4.72%,0.88%,0.80%,0.29%,0.35%,92.97%
5311,Erdman,6558,96.11%,0.24%,0.56%,0.41%,0.91%,1.75%
5340,Emanuel,6517,52.72%,32.48%,1.40%,5.71%,2.52%,5.17%
5399,Eberhardt,6450,82.57%,11.74%,0.67%,0.50%,1.95%,2.57%
5494,Emerick,6333,93.92%,0.47%,0.68%,0.54%,1.86%,2.53%
5578,Engstrom,6229,94.78%,0.34%,1.01%,0.21%,1.30%,2.36%
5612,Engler,6194,95.11%,0.19%,0.42%,0.45%,1.29%,2.53%
5646,Edmunds,6151,79.91%,14.81%,0.55%,0.50%,1.71%,2.52%
5658,Earls,6136,77.13%,17.10%,0.46%,1.06%,1.97%,2.28%
5671,Elmer,6119,92.09%,1.49%,0.77%,0.90%,1.49%,3.27%
5678,Edens,6110,90.03%,5.14%,0.38%,0.67%,1.82%,1.96%
5694,Evenson,6088,95.06%,0.41%,0.59%,0.94%,1.40%,1.61%
5747,Ehrlich,6031,94.64%,0.36%,0.60%,0.13%,1.09%,3.17%
5762,Ericson,6014,93.96%,0.50%,0.86%,0.33%,1.30%,3.04%
5776,Eicher,5997,97.10%,0.22%,0.35%,0.38%,0.75%,1.20%
5815,Eberle,5944,95.56%,0.22%,0.79%,0.42%,0.99%,2.02%
5934,Elston,5803,71.72%,22.51%,0.71%,0.55%,2.22%,2.29%
5963,Esqueda,5773,3.46%,0.10%,0.19%,0.24%,0.28%,95.72%
6075,Emory,5641,78.89%,16.86%,0.30%,0.46%,1.77%,1.72%
6102,Elizalde,5620,4.73%,0.20%,1.35%,0.00%,0.18%,93.54%
6130,Ellingson,5590,95.83%,0.27%,0.61%,0.64%,1.40%,1.25%
6190,Eagan,5528,93.70%,1.52%,1.05%,0.29%,0.92%,2.51%
6295,Edelman,5428,94.22%,0.22%,0.72%,0.50%,1.49%,2.86%
6296,Eggert,5427,95.15%,0.29%,0.63%,0.31%,1.31%,2.30%
6391,Elwell,5326,92.53%,0.38%,0.90%,1.26%,1.46%,3.47%
6458,Erskine,5258,81.38%,11.81%,0.65%,0.51%,2.32%,3.33%
6469,Escoto,5249,6.29%,0.36%,4.69%,0.11%,0.21%,88.34%
6470,Eastwood,5247,91.80%,2.38%,0.71%,0.80%,1.85%,2.46%
6480,Esteban,5240,4.56%,0.27%,25.27%,0.31%,2.44%,67.16%
6532,Esquibel,5187,12.24%,0.62%,0.52%,3.45%,0.44%,82.73%
6551,Eubank,5171,91.96%,2.78%,0.75%,0.54%,1.82%,2.15%
6562,Endres,5163,95.51%,0.35%,0.48%,0.33%,1.14%,2.19%
6623,Eversole,5114,95.78%,0.49%,0.33%,0.66%,1.35%,1.39%
6651,Egbert,5089,94.81%,0.92%,0.61%,0.29%,1.59%,1.77%
6701,Etter,5039,89.94%,4.56%,0.77%,0.65%,1.33%,2.74%
6744,Elwood,5000,92.10%,1.74%,0.68%,1.14%,1.50%,2.84%
6842,Engelhardt,4924,95.51%,0.39%,0.75%,0.18%,1.22%,1.95%
6851,Eckman,4914,95.28%,0.24%,0.90%,0.39%,1.85%,1.34%
6899,Erazo,4873,3.69%,0.76%,0.25%,(S),(S),95.20%
6903,Eades,4870,84.56%,9.57%,0.29%,1.75%,2.38%,1.46%
6907,Eberhart,4862,78.55%,17.15%,0.41%,0.19%,1.48%,2.22%
6921,Eley,4848,48.68%,47.32%,0.27%,0.33%,2.12%,1.28%
6985,Eberly,4796,95.87%,0.46%,0.50%,0.38%,1.15%,1.65%
6988,Ewell,4794,62.31%,31.14%,0.67%,0.21%,2.67%,3.00%
7018,Ecker,4772,95.14%,0.27%,0.59%,0.52%,1.05%,2.43%
7028,Endicott,4761,94.37%,0.36%,0.46%,0.48%,2.04%,2.29%
7053,Ernest,4745,76.80%,16.00%,2.23%,0.32%,1.83%,2.82%
7060,Edgerton,4740,74.47%,19.96%,0.30%,0.32%,2.45%,2.51%
7157,Enciso,4674,5.05%,0.11%,3.02%,0.39%,0.26%,91.19%
7191,Eichelberger,4647,80.40%,15.84%,0.41%,0.17%,1.27%,1.92%
7207,Edmonson,4631,68.75%,25.07%,0.67%,0.45%,2.81%,2.25%
7211,Eckstein,4628,93.50%,1.30%,0.61%,0.22%,2.03%,2.36%
7275,Eldred,4580,93.62%,0.79%,0.46%,0.70%,1.55%,2.88%
7348,Ewald,4535,95.77%,0.62%,0.60%,0.24%,1.30%,1.48%
7353,Ebersole,4531,95.52%,0.15%,0.77%,0.13%,1.63%,1.79%
7368,Eckhardt,4520,94.98%,0.60%,0.55%,0.22%,0.77%,2.88%
7404,Edmiston,4495,91.10%,3.16%,0.62%,0.87%,2.22%,2.02%
7446,Edward,4473,37.49%,48.58%,6.73%,0.92%,2.35%,3.93%
7502,Espiritu,4438,4.19%,0.29%,69.04%,0.18%,4.37%,21.92%
7517,Eldredge,4426,93.04%,0.66%,0.90%,0.43%,1.83%,3.14%
7525,Englert,4421,96.86%,0.14%,0.34%,0.20%,1.11%,1.36%
7543,Ealy,4408,43.99%,51.02%,0.29%,0.27%,2.36%,2.06%
7560,Eiler,4397,94.70%,1.00%,0.36%,0.34%,1.50%,2.09%
7585,Eidson,4381,95.16%,0.94%,0.46%,0.57%,1.42%,1.46%
7609,Encinas,4369,6.75%,0.23%,1.95%,3.11%,0.48%,87.48%
7677,Espitia,4324,4.26%,0.19%,0.14%,0.49%,0.21%,94.73%
7724,Esser,4297,93.72%,0.95%,1.12%,0.16%,1.68%,2.37%
7870,Eugene,4205,8.75%,84.71%,1.26%,0.55%,2.02%,2.71%
8019,España,4127,5.19%,(S),5.52%,(S),0.61%,88.30%
8060,Elledge,4110,90.51%,2.07%,0.56%,0.80%,2.34%,3.72%
8065,Eddings,4109,63.23%,27.74%,0.34%,2.92%,3.58%,2.19%
8119,Erdmann,4085,94.47%,0.32%,0.71%,0.22%,1.64%,2.64%
8174,Ensley,4055,77.83%,15.59%,0.57%,1.41%,2.76%,1.85%
8178,Eklund,4053,94.30%,0.49%,0.69%,0.35%,1.63%,2.54%
8235,Emmert,4025,95.68%,0.67%,0.37%,0.55%,1.49%,1.24%
8250,Edison,4015,51.21%,35.82%,1.52%,4.56%,2.27%,4.63%
8299,Eady,3992,43.26%,52.45%,0.23%,0.50%,1.98%,1.58%
8341,Eskridge,3969,57.04%,37.67%,0.50%,0.30%,2.70%,1.79%
8438,Eddins,3914,72.28%,23.48%,0.26%,0.33%,2.43%,1.23%
8439,Esteves,3913,41.89%,1.51%,5.88%,0.26%,0.84%,49.63%
8455,Edson,3906,92.50%,1.31%,0.87%,0.46%,1.46%,3.41%
8490,Earhart,3882,93.59%,0.46%,0.54%,0.41%,1.62%,3.37%
8496,Ericksen,3877,95.02%,0.26%,0.75%,0.18%,1.37%,2.42%
8529,Essex,3858,71.70%,23.43%,0.39%,0.44%,1.97%,2.07%
8536,Earp,3855,91.26%,3.74%,0.31%,1.43%,1.50%,1.76%
8562,Eder,3847,89.06%,0.57%,3.22%,2.29%,1.40%,3.46%
8562,Eilers,3847,96.15%,0.42%,0.47%,0.39%,1.22%,1.35%
8590,Eskew,3834,89.18%,5.92%,0.39%,0.57%,2.30%,1.64%
8659,Ekstrom,3795,93.99%,0.24%,0.71%,0.58%,1.74%,2.74%
8758,Everette,3745,47.88%,46.09%,0.19%,0.56%,2.62%,2.67%
8775,Eliason,3735,94.32%,0.94%,0.88%,0.24%,1.50%,2.12%
8894,Embrey,3681,88.24%,5.41%,0.52%,0.43%,2.28%,3.12%
8925,Epley,3667,94.96%,0.30%,0.49%,1.28%,1.50%,1.47%
9013,Eakin,3628,95.01%,0.36%,0.58%,0.55%,1.38%,2.12%
9030,Emmett,3619,92.29%,2.27%,0.55%,0.41%,1.74%,2.74%
9038,Everitt,3615,91.89%,2.96%,0.47%,0.22%,1.52%,2.93%
9114,Enders,3584,92.75%,1.62%,0.67%,0.53%,1.84%,2.59%
9125,Elkin,3578,92.09%,1.26%,0.78%,0.22%,1.29%,4.36%
9217,Eide,3536,93.01%,0.37%,1.02%,0.74%,2.01%,2.86%
9227,Esh,3529,98.81%,0.14%,0.23%,0.00%,0.14%,0.68%
9314,Elswick,3495,96.22%,0.31%,0.34%,0.31%,1.40%,1.40%
9357,Ebner,3476,95.51%,0.17%,0.63%,0.40%,1.09%,2.19%
9397,Elia,3460,87.20%,2.54%,2.66%,0.66%,1.97%,4.97%
9399,Edinger,3459,95.63%,0.32%,0.52%,0.40%,1.36%,1.76%
9496,Ebel,3423,94.83%,0.32%,0.56%,0.41%,1.34%,2.54%
9539,Eddington,3408,70.72%,23.03%,0.35%,0.70%,2.29%,2.90%
9557,Echavarría,3402,5.06%,0.44%,0.50%,(S),(S),93.77%
9578,Enoch,3394,54.80%,36.83%,2.12%,1.56%,2.86%,1.83%
9598,Eaddy,3385,22.63%,73.65%,(S),(S),1.71%,1.71%
9621,Eisen,3377,93.99%,1.15%,(S),(S),1.66%,2.13%
9684,Escudero,3352,8.92%,(S),4.71%,(S),0.63%,85.23%
9716,Elbert,3339,77.06%,17.88%,0.84%,0.39%,2.25%,1.59%
9728,Egger,3334,93.52%,0.48%,0.60%,0.75%,1.38%,3.27%
9830,Eisner,3294,94.69%,0.46%,0.85%,0.18%,1.18%,2.64%
9910,Everly,3262,92.18%,3.03%,0.43%,0.80%,1.53%,2.02%
9929,Eiland,3250,52.68%,39.94%,0.68%,0.34%,3.51%,2.86%
10013,Eisele,3220,94.75%,0.31%,0.96%,0.75%,0.99%,2.24%
10026,Engels,3213,95.21%,0.96%,0.47%,0.22%,1.12%,2.02%
10036,Eccles,3209,83.02%,10.19%,0.90%,0.34%,2.71%,2.84%
10041,Eichler,3208,95.32%,0.78%,0.53%,0.22%,0.87%,2.28%
10085,Edmundson,3196,77.35%,17.43%,0.69%,0.94%,1.94%,1.66%
10145,Esch,3179,96.60%,0.31%,0.50%,0.22%,0.88%,1.48%
10233,Edington,3150,89.17%,5.27%,0.54%,0.44%,1.87%,2.70%
10306,Elson,3126,84.77%,8.45%,1.34%,0.54%,2.18%,2.72%
10416,Eakins,3090,86.18%,8.90%,0.84%,0.16%,1.55%,2.36%
10448,Escareño,3079,4.74%,0.19%,(S),0.32%,(S),94.54%
10451,Edgington,3077,92.82%,1.72%,0.58%,1.07%,1.72%,2.08%
10505,Escalona,3055,4.91%,0.59%,11.98%,0.16%,1.18%,81.18%
10555,Edenfield,3036,93.15%,3.03%,0.46%,0.40%,1.42%,1.55%
10555,Elgin,3036,87.75%,5.90%,0.53%,1.09%,1.52%,3.23%
10663,Eriksen,3000,93.90%,0.30%,0.83%,0.30%,1.60%,3.07%
10847,Enlow,2936,89.31%,5.62%,0.99%,1.63%,1.60%,0.85%
10860,Englund,2933,95.23%,0.17%,0.58%,0.58%,1.47%,1.98%
10912,Edelstein,2917,95.61%,(S),0.86%,(S),0.69%,2.26%
10962,Endsley,2902,86.35%,7.75%,0.86%,0.69%,2.17%,2.17%
11007,Eisenhauer,2890,95.85%,0.21%,0.55%,0.17%,1.11%,2.11%
11060,Ehrhardt,2874,95.65%,(S),0.66%,(S),0.90%,2.47%
11069,Eanes,2870,81.53%,14.49%,0.45%,0.56%,1.88%,1.08%
11081,Emmanuel,2864,14.56%,63.41%,11.14%,0.63%,3.74%,6.53%
11118,Exum,2852,50.67%,44.07%,0.53%,0.63%,2.38%,1.72%
11193,Eichhorn,2825,96.39%,0.32%,0.32%,0.32%,0.99%,1.66%
11269,Eckard,2806,95.65%,1.10%,0.46%,0.50%,1.00%,1.28%
11288,Eveland,2799,94.14%,0.29%,0.82%,0.82%,1.64%,2.29%
11355,Enloe,2778,91.72%,0.72%,0.65%,1.98%,2.27%,2.66%
11388,Espejo,2769,5.42%,(S),22.39%,(S),1.99%,69.23%
11395,Elie,2767,36.83%,54.14%,0.72%,0.83%,3.14%,4.34%
11430,Eshelman,2756,94.99%,0.29%,1.02%,0.33%,1.09%,2.29%
11456,Earles,2750,84.95%,7.13%,1.13%,1.20%,2.58%,3.02%
11462,Eudy,2749,96.84%,0.40%,0.22%,0.36%,0.80%,1.38%
11497,Ellinger,2737,94.81%,0.88%,0.44%,0.29%,1.90%,1.68%
11512,Englehart,2732,95.42%,0.29%,0.59%,0.70%,1.39%,1.61%
11529,Easterday,2728,95.09%,0.73%,0.40%,0.44%,1.50%,1.83%
11529,Ewert,2728,95.31%,0.62%,0.59%,0.22%,1.54%,1.72%
11555,Eames,2720,84.52%,9.85%,0.26%,0.77%,1.88%,2.72%
11568,Ewers,2718,86.31%,7.51%,0.55%,0.81%,1.84%,2.98%
11608,Espíndola,2704,6.51%,0.26%,(S),(S),0.59%,92.31%
11679,Engebretson,2684,95.31%,(S),0.82%,(S),1.56%,1.49%
11836,Engelman,2645,94.74%,0.76%,0.30%,0.19%,1.36%,2.65%
11856,Eslinger,2641,93.94%,1.59%,0.64%,0.38%,1.14%,2.31%
11882,Erikson,2635,94.72%,0.61%,0.76%,0.68%,1.25%,1.97%
11919,Ellenberger,2627,95.70%,(S),1.03%,(S),1.10%,1.75%
12003,Ehlert,2602,96.50%,0.19%,0.42%,0.19%,1.11%,1.58%
12040,Etheredge,2592,72.15%,22.72%,0.42%,0.58%,1.93%,2.20%
12055,Evens,2587,76.88%,15.96%,0.73%,0.85%,2.32%,3.25%
12072,Essary,2583,92.64%,0.19%,0.43%,1.55%,2.01%,3.17%
12124,Eckhart,2571,96.07%,0.35%,0.43%,0.31%,1.36%,1.48%
12153,Ensign,2564,93.72%,0.23%,0.66%,0.51%,1.56%,3.32%
12174,Ellerbe,2560,23.05%,70.70%,0.27%,0.51%,2.85%,2.62%
12204,Enger,2552,94.91%,0.20%,1.33%,0.59%,0.86%,2.12%
12292,Estabrook,2529,94.50%,0.47%,0.55%,1.15%,1.94%,1.38%
12312,Ensminger,2525,92.67%,0.24%,0.67%,1.23%,1.82%,3.37%
12320,Edelen,2524,73.73%,21.59%,(S),(S),2.30%,1.55%
12323,Eyler,2523,95.60%,0.44%,0.32%,0.28%,1.35%,2.02%
12454,Evert,2492,93.62%,1.61%,0.52%,0.28%,1.85%,2.13%
12593,Easterly,2458,85.11%,10.50%,0.41%,0.49%,1.55%,1.95%
12616,Eckel,2453,94.78%,0.53%,1.30%,0.53%,1.43%,1.43%
12616,Elton,2453,90.83%,3.59%,1.22%,0.73%,1.59%,2.04%
12817,Engen,2406,94.80%,0.29%,0.58%,0.62%,1.83%,1.87%
12889,Emrick,2386,95.81%,1.51%,0.25%,0.46%,0.59%,1.38%
12904,Ebeling,2382,95.17%,0.34%,0.34%,0.46%,1.34%,2.35%
12921,Eckenrode,2379,95.96%,(S),0.50%,(S),0.97%,2.10%
12941,Eyre,2374,92.71%,0.84%,0.59%,1.31%,1.73%,2.82%
12971,Eckhoff,2367,97.08%,(S),0.59%,(S),0.93%,1.14%
12994,Escarcega,2363,4.40%,(S),(S),1.18%,0.42%,93.86%
13010,Ebanks,2359,19.71%,53.84%,(S),(S),3.90%,21.28%
13037,Eatmon,2355,39.87%,55.29%,0.25%,0.51%,2.29%,1.78%
13042,Ettinger,2354,94.60%,(S),1.32%,(S),1.70%,1.74%
13053,Ensor,2352,96.30%,0.89%,0.72%,0.30%,0.94%,0.85%
13084,Emond,2346,94.29%,0.98%,0.85%,0.34%,1.96%,1.58%
13109,Embree,2338,90.55%,3.51%,0.90%,0.73%,2.10%,2.22%
13195,Eberhard,2316,94.60%,0.26%,0.52%,0.73%,1.25%,2.63%
13221,Edgell,2311,95.20%,0.56%,0.30%,0.48%,1.77%,1.69%
13233,Ester,2308,46.23%,45.15%,1.78%,0.35%,2.64%,3.86%
13246,Eager,2305,88.29%,6.42%,0.78%,0.61%,1.48%,2.43%
13271,Ezzell,2298,91.69%,3.31%,0.61%,0.52%,2.35%,1.52%
13278,Eshleman,2297,96.34%,(S),0.44%,(S),1.57%,1.18%
13306,Elms,2292,87.04%,5.63%,0.96%,0.96%,2.36%,3.05%
13316,Edler,2291,86.60%,9.52%,0.48%,0.26%,1.13%,2.01%
13338,Ellenburg,2286,95.14%,1.66%,0.44%,0.61%,1.05%,1.09%
13407,Engelbrecht,2273,95.03%,(S),0.88%,(S),1.54%,1.58%
13438,Epperly,2267,95.90%,(S),(S),0.53%,1.15%,1.90%
13456,Eaker,2263,94.56%,1.63%,0.40%,0.57%,0.80%,2.03%
13456,Eastham,2263,93.02%,0.53%,0.84%,0.75%,2.61%,2.25%
13509,Espada,2245,6.82%,1.43%,1.20%,(S),(S),90.24%
13545,Eugenio,2238,16.49%,(S),47.32%,(S),4.78%,30.92%
13597,Ealey,2229,43.83%,50.92%,0.36%,0.31%,2.11%,2.47%
13646,Eid,2219,89.45%,1.40%,(S),(S),4.33%,3.70%
13660,Édouard,2216,1.76%,91.83%,(S),(S),2.17%,3.56%
13834,Eastridge,2185,95.38%,0.32%,0.27%,0.78%,1.37%,1.88%
13862,Eckles,2180,80.14%,14.63%,0.46%,0.32%,1.74%,2.71%
13884,Essig,2175,94.39%,0.32%,1.15%,0.41%,1.61%,2.11%
13916,Ertel,2170,96.77%,(S),0.37%,(S),1.20%,1.24%
13949,Erhardt,2164,96.12%,(S),0.74%,(S),1.16%,1.39%
13985,Estell,2155,53.23%,35.31%,0.93%,0.65%,3.90%,5.99%
14014,Everts,2149,94.56%,0.60%,(S),(S),1.12%,3.02%
14076,Ellefson,2137,96.26%,0.23%,0.51%,0.42%,1.08%,1.50%
14093,Ellett,2133,90.95%,3.75%,0.66%,0.70%,1.13%,2.81%
14127,Epp,2127,94.36%,(S),1.03%,(S),1.55%,2.59%
14184,Eddleman,2117,93.67%,1.32%,0.47%,0.43%,1.13%,2.98%
14201,Ewart,2114,87.37%,8.14%,0.38%,0.47%,1.75%,1.89%
14332,Engleman,2088,88.03%,4.93%,0.34%,2.16%,1.82%,2.73%
14338,Ecklund,2087,94.68%,(S),0.91%,(S),1.39%,2.35%
14349,Esguerra,2085,4.36%,(S),73.76%,(S),4.94%,16.55%
14358,Emig,2083,94.82%,(S),1.15%,(S),1.30%,2.35%
14434,Erlandson,2070,96.09%,(S),1.01%,(S),1.01%,1.55%
14485,Ehret,2061,93.79%,(S),0.73%,(S),1.21%,3.59%
14587,Emrich,2041,95.59%,0.69%,0.59%,0.54%,0.73%,1.86%
14624,Eusebio,2035,7.91%,(S),32.78%,(S),1.87%,56.76%
14636,Eich,2033,96.26%,0.39%,0.49%,0.44%,0.69%,1.72%
14669,Eure,2027,61.37%,33.20%,(S),(S),2.17%,2.47%
14706,Evan,2021,55.86%,14.30%,2.33%,16.48%,2.03%,9.01%
14713,Eickhoff,2019,97.47%,(S),0.35%,(S),0.84%,0.99%
14734,Elsner,2017,95.54%,(S),0.69%,(S),0.79%,2.63%
14761,Ethier,2012,93.69%,(S),0.89%,(S),0.84%,3.83%
14870,Easterwood,1991,82.97%,13.31%,0.40%,0.40%,1.05%,1.86%
14893,Ehrhart,1987,95.47%,0.30%,0.86%,0.25%,0.91%,2.21%
14902,Enderle,1986,93.76%,0.86%,(S),(S),0.86%,4.08%
14937,Einhorn,1981,97.38%,(S),0.30%,(S),0.40%,1.72%
14970,Enochs,1975,90.38%,4.66%,0.86%,0.51%,1.42%,2.18%
15020,Even,1966,93.49%,1.27%,1.17%,(S),(S),3.56%
15033,Eckley,1965,92.98%,0.97%,0.76%,0.61%,1.32%,3.36%
15210,Eisenman,1937,93.03%,0.62%,1.86%,0.26%,1.60%,2.63%
15268,Escandón,1924,7.54%,(S),(S),(S),0.26%,91.74%
15449,Engram,1896,21.26%,71.78%,(S),(S),4.06%,2.37%
15499,Emert,1889,94.81%,0.95%,0.32%,0.95%,1.75%,1.22%
15520,Ewen,1886,87.96%,7.00%,1.06%,0.27%,1.17%,2.55%
15541,Eccleston,1883,74.14%,17.90%,0.48%,0.42%,2.60%,4.46%
15546,Ek,1882,65.46%,1.22%,15.57%,(S),(S),16.68%
15606,Eckart,1873,93.11%,0.69%,1.12%,0.32%,3.15%,1.60%
15647,Epling,1867,96.20%,(S),0.43%,(S),1.39%,1.61%
15663,Eisenhart,1864,96.30%,0.32%,0.64%,0.00%,0.80%,1.93%
15700,Eastin,1858,92.30%,1.67%,1.13%,0.48%,1.72%,2.69%
15719,Esquer,1855,6.52%,0.43%,(S),0.43%,(S),92.18%
15748,Espy,1851,77.15%,16.32%,(S),(S),2.65%,2.70%
15959,Etherton,1820,95.88%,(S),(S),0.44%,0.99%,2.14%
16100,Eger,1798,93.21%,(S),0.95%,(S),1.06%,4.39%
16136,Estelle,1793,58.95%,31.34%,(S),(S),3.29%,4.35%
16179,Efird,1786,95.86%,(S),(S),0.95%,1.18%,1.29%
16191,Eyer,1784,94.96%,0.28%,0.50%,0.78%,1.51%,1.96%
16195,Etchison,1783,77.34%,15.87%,0.39%,1.46%,3.08%,1.85%
16359,Euler,1761,95.34%,0.91%,0.51%,0.00%,0.68%,2.56%
16457,Etzel,1747,94.96%,0.29%,0.74%,0.52%,1.43%,2.06%
16494,Ellzey,1742,73.13%,23.31%,(S),(S),1.15%,2.18%
16509,Everman,1740,95.23%,(S),(S),0.57%,1.49%,2.13%
16519,Edney,1739,70.73%,25.19%,0.63%,0.52%,1.50%,1.44%
16519,Evanoff,1739,86.72%,0.63%,0.75%,5.29%,3.34%,3.28%
16601,Emmerich,1727,96.00%,(S),0.52%,(S),0.81%,2.26%
16687,Elamin,1716,6.82%,85.26%,0.76%,0.93%,4.02%,2.21%
16748,Engelmann,1707,95.20%,(S),0.88%,(S),1.23%,1.99%
16761,Elsey,1705,84.81%,6.92%,0.82%,0.88%,2.87%,3.70%
16789,Eppley,1701,96.18%,(S),0.29%,(S),1.12%,2.06%
16839,ElSayed,1695,81.18%,8.50%,(S),(S),4.31%,4.48%
16864,Eash,1691,96.22%,0.47%,0.41%,0.41%,1.36%,1.12%
16881,Eli,1688,58.23%,21.27%,7.82%,2.25%,4.86%,5.57%
16933,Enamorado,1680,2.80%,0.54%,(S),0.36%,(S),95.95%
16944,Eaglin,1678,29.62%,64.24%,(S),(S),2.74%,2.68%
16993,Edlund,1672,95.28%,0.54%,(S),(S),1.91%,1.73%
16993,Errico,1672,95.93%,(S),0.72%,(S),0.84%,2.27%
17056,Escutia,1665,2.16%,(S),(S),(S),(S),97.42%
17111,Ehrman,1658,93.61%,(S),0.84%,(S),1.87%,2.83%
17111,Eno,1658,86.55%,5.61%,2.59%,0.54%,1.99%,2.71%
17120,Ellard,1657,90.53%,4.47%,1.21%,0.42%,1.69%,1.69%
17151,Endo,1652,8.60%,(S),77.24%,(S),9.38%,4.24%
17202,Entrekin,1646,97.69%,(S),0.49%,(S),0.73%,0.85%
17229,Eichner,1644,95.86%,(S),0.36%,(S),0.73%,2.55%
17239,Eggen,1643,95.68%,0.37%,0.61%,0.55%,0.79%,2.01%
17258,Elders,1641,89.46%,4.94%,0.98%,1.16%,1.65%,1.83%
17290,Edie,1637,86.81%,8.25%,0.67%,0.37%,1.41%,2.50%
17345,Estey,1629,91.71%,1.60%,1.29%,1.53%,1.47%,2.39%
17345,Evins,1629,61.45%,31.31%,0.55%,0.98%,2.27%,3.44%
17367,Eguia,1626,4.55%,(S),5.97%,(S),0.43%,88.93%
17495,Eppler,1611,92.68%,(S),(S),1.61%,1.92%,3.29%
17502,Ethington,1610,91.30%,2.73%,(S),(S),1.49%,3.35%
17530,Earwood,1606,92.28%,0.62%,1.18%,0.75%,3.11%,2.05%
17596,El,1597,13.15%,60.93%,16.47%,1.19%,5.13%,3.13%
17605,Effinger,1596,76.69%,17.67%,0.50%,1.19%,1.50%,2.44%
17668,Eddie,1589,40.65%,43.80%,0.94%,8.87%,1.51%,4.22%
17709,Egner,1584,95.45%,(S),0.69%,(S),1.52%,1.77%
17720,Esters,1582,24.15%,68.02%,0.70%,0.32%,3.92%,2.91%
17734,Emberton,1580,94.24%,(S),(S),1.27%,2.78%,1.27%
17734,Eslick,1580,89.24%,2.41%,0.44%,2.03%,2.66%,3.23%
17745,Ells,1579,86.70%,5.57%,1.08%,0.51%,1.46%,4.69%
17752,Engelke,1578,95.25%,(S),(S),0.76%,1.96%,1.33%
17775,Eye,1576,96.07%,0.89%,(S),(S),0.63%,1.65%
17809,Eakes,1572,95.48%,0.89%,0.45%,0.38%,1.08%,1.72%
17927,Edman,1559,85.57%,8.79%,(S),(S),2.37%,2.69%
18018,Elser,1549,94.96%,1.36%,(S),(S),1.23%,1.87%
18036,Elizarraras,1547,1.75%,(S),(S),0.39%,0.00%,97.74%
18036,Erhart,1547,92.76%,0.00%,0.65%,2.13%,1.49%,2.97%
18098,Earnhardt,1539,97.34%,(S),0.45%,(S),1.23%,0.65%
18128,Ellwood,1536,93.29%,1.82%,(S),(S),1.17%,2.86%
18166,Erving,1532,32.31%,60.64%,0.33%,0.59%,3.59%,2.55%
18286,Ellerbee,1518,49.28%,46.25%,0.33%,0.46%,2.24%,1.45%
18354,Eitel,1509,96.62%,0.40%,(S),(S),1.06%,1.46%
18385,Eves,1506,87.05%,5.44%,1.06%,1.20%,2.39%,2.86%
18431,Ebron,1502,7.99%,84.75%,2.80%,(S),2.33%,(S)
18540,Eichman,1488,96.51%,(S),(S),0.87%,0.40%,1.88%
18550,Edsall,1487,93.54%,(S),(S),0.67%,1.48%,3.63%
18561,Erbe,1486,94.41%,(S),1.21%,(S),1.55%,1.88%
18561,Esslinger,1486,95.69%,(S),(S),(S),1.14%,2.76%
18596,Entwistle,1482,95.82%,(S),0.54%,(S),1.55%,1.89%
18601,Enyart,1481,89.13%,1.89%,1.28%,3.44%,2.57%,1.69%
18622,Espinola,1478,47.97%,(S),5.89%,(S),1.29%,44.59%
18694,Ellman,1470,88.57%,5.44%,1.09%,0.41%,1.84%,2.65%
18793,Eastburn,1458,93.76%,(S),0.69%,(S),1.99%,2.95%
18841,Elsberry,1452,86.98%,8.06%,0.62%,0.48%,1.93%,1.93%
18867,Erby,1449,25.47%,69.22%,(S),(S),3.17%,1.59%
18984,Edgerly,1436,90.04%,4.39%,0.49%,0.63%,1.81%,2.65%
18994,Enfinger,1435,95.82%,0.63%,0.35%,0.42%,1.67%,1.11%
19012,Exline,1433,95.67%,(S),0.56%,(S),1.67%,1.33%
19027,Euceda,1431,3.00%,0.42%,(S),0.00%,(S),96.51%
19041,Ell,1430,83.99%,6.78%,1.61%,1.75%,2.38%,3.50%
19053,Eckels,1429,89.57%,6.16%,0.91%,0.42%,1.33%,1.61%
19189,Eells,1415,94.13%,(S),0.49%,(S),1.48%,3.32%
19275,Echeverri,1406,8.39%,(S),(S),(S),(S),91.04%
19348,Egli,1398,95.49%,0.36%,(S),(S),1.50%,2.43%
19379,Ehler,1395,92.69%,(S),0.86%,(S),2.29%,3.01%
19390,Eastep,1394,91.03%,0.79%,0.72%,2.15%,3.30%,2.01%
19390,Eoff,1394,92.11%,2.44%,0.86%,0.57%,1.94%,2.08%
19398,Elizarraraz,1393,2.30%,0.00%,(S),(S),(S),97.13%
19425,Elzey,1391,75.20%,19.34%,(S),(S),3.09%,1.37%
19671,Eustace,1370,82.12%,4.60%,1.09%,7.08%,2.48%,2.63%
19697,Evanson,1368,88.52%,5.77%,1.17%,0.44%,2.19%,1.90%
19814,Eckler,1357,96.17%,0.96%,(S),(S),1.18%,1.18%
19814,Engles,1357,87.10%,4.86%,2.36%,1.33%,1.84%,2.51%
19823,Engelhart,1356,95.80%,(S),0.44%,(S),1.55%,1.92%
19885,Ebling,1351,94.37%,(S),(S),0.67%,0.74%,3.63%
19896,Exley,1350,94.44%,1.85%,(S),(S),1.11%,1.63%
19955,Eastland,1344,71.95%,21.88%,0.52%,0.37%,2.16%,3.13%
19997,Enfield,1339,92.83%,(S),1.42%,(S),2.24%,2.32%
20019,Elliston,1337,74.20%,18.18%,(S),(S),1.94%,5.24%
20125,Epting,1327,67.90%,27.81%,(S),(S),2.86%,1.06%
20125,Estridge,1327,90.66%,5.58%,(S),(S),0.83%,2.41%
20172,Emmer,1322,93.72%,(S),(S),0.45%,2.19%,2.95%
20192,Edick,1320,95.08%,(S),(S),1.21%,1.36%,1.06%
20322,Esquivias,1308,2.45%,(S),1.38%,0.38%,(S),95.72%
20336,Ebarb,1307,71.69%,(S),(S),12.78%,3.60%,11.63%
20364,Ebright,1305,93.18%,0.77%,1.61%,0.69%,2.61%,1.15%
20364,Ehrenberg,1305,96.32%,(S),0.69%,(S),1.15%,1.61%
20364,Estill,1305,83.83%,8.81%,(S),(S),3.75%,2.22%
20449,Esquilin,1299,3.31%,3.46%,(S),0.00%,(S),92.69%
20468,Estupiñán,1297,5.09%,0.54%,(S),(S),0.00%,94.22%
20480,Eick,1296,95.83%,(S),0.77%,(S),1.39%,1.70%
20491,Elsasser,1295,95.91%,(S),0.39%,(S),1.47%,1.78%
20491,Engman,1295,94.05%,(S),0.62%,(S),1.70%,2.86%
20553,Ebbert,1290,95.12%,0.62%,0.62%,0.62%,1.71%,1.32%
20565,Elmi,1289,12.96%,81.54%,(S),(S),3.10%,1.16%
20636,Enrique,1283,4.91%,(S),8.26%,(S),2.81%,83.16%
20697,Evelyn,1278,33.57%,51.17%,(S),(S),3.68%,9.86%
20709,Elsea,1277,95.93%,0.63%,0.70%,0.78%,0.39%,1.57%
20739,Enns,1275,92.78%,0.71%,(S),(S),0.78%,5.33%
20770,Eadie,1272,80.58%,13.84%,0.79%,0.94%,1.57%,2.28%
20926,Engberg,1259,93.57%,(S),0.71%,(S),2.22%,2.54%
20949,Everidge,1257,80.51%,13.05%,(S),(S),2.94%,2.86%
20996,Evatt,1253,92.98%,1.60%,0.88%,1.12%,2.00%,1.44%
21019,Ellingsworth,1251,93.53%,(S),0.64%,(S),1.68%,3.52%
21034,Elling,1250,94.64%,(S),0.40%,(S),1.92%,2.56%
21092,Edlin,1245,93.17%,1.77%,0.40%,0.48%,1.77%,2.41%
21105,Eifert,1244,96.46%,(S),0.64%,(S),0.88%,1.53%
21228,Eisenstein,1236,94.09%,0.57%,1.46%,0.00%,1.21%,2.67%
21272,Encinias,1232,11.85%,(S),(S),0.73%,0.41%,86.85%
21272,Esper,1232,82.55%,7.22%,(S),(S),1.87%,7.55%
21360,Edgeworth,1226,86.13%,9.79%,(S),(S),1.88%,1.71%
21360,Everage,1226,62.81%,32.54%,(S),(S),2.37%,1.88%
21393,Edgecomb,1223,89.21%,7.11%,(S),(S),1.31%,1.55%
21568,Edelson,1210,96.12%,0.66%,0.66%,0.00%,0.91%,1.65%
21790,Every,1193,76.78%,18.52%,0.50%,0.84%,2.18%,1.17%
21811,Esperanza,1192,6.54%,(S),27.18%,(S),1.85%,62.92%
21842,Eiden,1190,97.14%,(S),0.76%,(S),0.59%,1.26%
21895,Exantus,1186,0.93%,95.70%,(S),(S),2.11%,0.76%
21912,Eriksson,1185,91.90%,(S),1.94%,(S),2.11%,3.46%
21940,Eatman,1183,55.03%,40.57%,(S),(S),1.52%,2.62%
21960,Empey,1182,96.11%,(S),(S),0.76%,0.68%,1.86%
21972,Echeverry,1181,4.91%,(S),(S),0.00%,(S),94.67%
21972,Esau,1181,75.11%,7.20%,8.55%,1.35%,2.29%,5.50%
22026,Eagleson,1177,89.72%,1.95%,(S),(S),2.55%,4.25%
22106,Enyeart,1171,94.19%,0.68%,(S),(S),2.22%,2.13%
22113,Eurich,1170,91.37%,(S),0.94%,(S),1.71%,4.79%
22183,Egge,1164,94.67%,(S),0.86%,(S),1.03%,2.66%
22183,Eichenlaub,1164,95.19%,(S),0.69%,(S),1.55%,1.72%
22201,Eppard,1162,95.09%,(S),0.95%,(S),2.24%,0.95%
22216,Escue,1161,94.92%,0.43%,(S),(S),1.98%,2.15%
22260,Etherington,1158,94.47%,(S),0.78%,(S),1.64%,2.33%
22260,Eustice,1158,94.91%,1.04%,0.43%,0.00%,1.73%,1.90%
22392,Esterline,1150,95.30%,(S),(S),0.78%,1.04%,2.09%
22481,Ewalt,1144,94.14%,(S),0.79%,(S),1.49%,2.71%
22543,Erives,1140,3.07%,(S),0.00%,(S),0.00%,96.67%
22559,Estremera,1139,8.43%,(S),1.67%,0.00%,(S),89.20%
22573,Egolf,1138,97.28%,(S),(S),0.00%,0.97%,1.23%
22592,Emma,1137,90.85%,1.85%,0.97%,(S),(S),5.36%
22673,Eckstrom,1131,93.81%,(S),0.71%,(S),1.59%,3.80%
22673,Espaillat,1131,5.31%,0.80%,(S),(S),0.00%,93.46%
22689,Emile,1130,7.70%,86.73%,(S),(S),1.95%,2.92%
22689,Estepp,1130,95.84%,0.62%,0.44%,0.00%,1.59%,1.50%
22707,Espey,1129,89.28%,4.96%,(S),(S),2.04%,2.92%
22749,Eppinger,1126,69.01%,24.16%,0.44%,0.53%,1.95%,3.91%
22770,Ellen,1125,77.24%,14.67%,1.16%,0.71%,2.76%,3.47%
22838,Epler,1121,95.63%,(S),0.98%,(S),0.71%,2.59%
22856,Ediger,1120,96.25%,(S),(S),(S),0.63%,2.32%
22856,Essman,1120,95.09%,(S),(S),1.16%,1.07%,2.05%
22880,Emigh,1119,93.92%,1.07%,0.45%,0.63%,0.71%,3.22%
22924,Earnhart,1116,94.62%,0.54%,0.63%,0.99%,1.70%,1.52%
23065,Ehle,1108,95.31%,(S),0.99%,(S),0.90%,2.17%
23096,Eichorn,1106,95.12%,(S),0.63%,(S),1.90%,1.81%
23120,Equihua,1104,1.09%,(S),(S),(S),0.00%,98.64%
23153,Esplin,1102,96.55%,(S),(S),1.54%,(S),1.18%
23167,Espina,1101,8.63%,(S),36.51%,(S),4.00%,50.05%
23185,Edwin,1100,34.00%,29.73%,18.91%,3.91%,3.73%,9.73%
23185,Espericueta,1100,4.18%,(S),(S),(S),(S),95.36%
23205,Estacio,1099,19.11%,(S),59.60%,(S),4.82%,15.56%
23283,Elijah,1094,35.28%,51.37%,1.83%,0.73%,5.58%,5.21%
23386,Elzy,1088,31.62%,58.73%,(S),(S),2.67%,6.62%
23432,Englander,1085,97.51%,0.65%,(S),(S),0.55%,1.11%
23432,Ewer,1085,93.18%,1.38%,0.74%,0.46%,2.21%,2.03%
23472,Easler,1083,88.27%,7.66%,(S),(S),1.39%,1.94%
23500,Essick,1081,92.78%,3.61%,0.93%,0.56%,1.11%,1.02%
23515,Engelking,1080,94.35%,(S),0.93%,(S),1.30%,2.59%
23532,Eagen,1079,92.86%,(S),(S),1.11%,1.39%,3.80%
23576,Ector,1077,18.76%,74.28%,(S),(S),2.60%,3.71%
23604,Engdahl,1075,96.74%,(S),0.84%,(S),0.84%,1.30%
23634,Eisenhower,1073,96.83%,(S),0.56%,(S),1.03%,1.40%
23691,Ephraim,1069,34.24%,58.00%,1.22%,0.00%,3.65%,2.90%
23899,Erler,1056,93.66%,1.14%,(S),(S),1.23%,2.75%
23899,Escorcia,1056,4.64%,(S),(S),(S),(S),94.51%
23920,Evensen,1055,93.46%,(S),(S),0.57%,3.03%,2.18%
23978,Ebrahimi,1052,81.46%,0.67%,1.71%,0.00%,13.97%,2.19%
24031,Eilerman,1049,97.33%,(S),0.48%,(S),1.33%,0.67%
24031,Else,1049,79.98%,12.11%,2.76%,(S),2.76%,(S)
24075,Eagleton,1046,66.06%,26.77%,(S),2.96%,2.20%,(S)
24090,Ekberg,1045,94.16%,0.57%,0.57%,0.67%,1.72%,2.30%
24260,Edgin,1034,96.03%,(S),0.97%,(S),0.77%,1.84%
24260,Exner,1034,96.91%,(S),0.58%,(S),1.26%,0.68%
24305,Eckardt,1032,92.34%,(S),0.78%,(S),0.97%,5.62%
24352,Eury,1029,85.42%,9.52%,0.97%,0.00%,1.85%,2.24%
24431,Eisenmann,1025,96.29%,(S),(S),(S),1.37%,1.66%
24446,Eichenberger,1024,94.53%,(S),0.59%,(S),1.86%,2.54%
24446,Ertl,1024,97.46%,0.00%,0.49%,(S),(S),1.56%
24554,Elm,1018,74.07%,5.11%,2.75%,10.71%,3.93%,3.44%
24629,Eber,1014,94.18%,0.79%,(S),(S),1.78%,2.96%
24629,Eisel,1014,95.17%,(S),1.08%,(S),1.38%,1.68%
24685,Estimé,1011,1.58%,94.16%,(S),(S),2.18%,1.38%
24718,Earnshaw,1009,92.27%,(S),1.68%,(S),1.59%,3.37%
24718,Eggleton,1009,74.73%,20.12%,(S),(S),1.59%,2.78%
24838,Evarts,1002,93.61%,(S),1.20%,(S),1.70%,3.09%
