Rank,Name,Count,White,Black,API,AIAN,2+ Races,Hispanic
7,Miller,1161437,84.11%,10.76%,0.54%,0.66%,1.77%,2.17%
10,Martínez,1060159,5.28%,0.49%,0.60%,0.51%,0.22%,92.91%
18,Moore,724374,66.41%,27.74%,0.48%,0.68%,2.34%,2.34%
20,Martin,702625,74.80%,15.76%,0.90%,0.98%,2.02%,5.56%
48,Mitchell,384486,61.02%,32.50%,0.48%,1.04%,2.50%,2.47%
62,Morris,318884,73.59%,20.08%,0.57%,0.98%,2.24%,2.55%
63,Morales,311777,4.63%,0.57%,1.18%,0.17%,0.21%,93.23%
64,Murphy,308417,83.11%,11.53%,0.58%,0.68%,1.76%,2.34%
69,Morgan,286280,76.07%,17.27%,0.54%,1.24%,2.10%,2.78%
88,Mendoza,242771,4.11%,0.35%,4.91%,0.24%,0.42%,89.97%
96,Myers,229895,84.50%,10.54%,0.50%,0.55%,1.80%,2.10%
124,Moreno,196925,6.09%,0.43%,0.67%,0.37%,0.22%,92.23%
133,Medina,188497,5.69%,0.60%,1.92%,0.30%,0.33%,91.16%
136,Murray,184910,74.92%,19.29%,0.57%,0.60%,2.02%,2.60%
139,Marshall,183922,66.03%,27.51%,0.58%,0.96%,2.34%,2.58%
143,McDonald,180497,76.65%,17.28%,0.55%,0.78%,2.01%,2.73%
162,Méndez,161717,4.48%,0.78%,0.48%,0.24%,0.18%,93.83%
166,Mason,160213,68.82%,25.10%,0.53%,0.76%,2.38%,2.41%
168,Muñoz,158483,4.89%,0.30%,0.91%,0.21%,0.21%,93.48%
182,Mills,151942,77.50%,16.77%,0.51%,0.82%,2.06%,2.33%
183,Meyer,150895,94.84%,0.52%,0.71%,0.29%,1.37%,2.28%
226,Matthews,131303,63.37%,30.67%,0.62%,0.58%,2.36%,2.39%
249,Maldonado,121526,4.97%,0.50%,0.40%,0.19%,0.23%,93.71%
250,Morrison,121130,79.11%,14.82%,0.61%,0.98%,1.99%,2.49%
263,Montgomery,115953,67.86%,26.23%,0.59%,0.61%,2.37%,2.35%
278,McCoy,110744,66.88%,26.71%,0.46%,0.89%,2.43%,2.64%
287,Márquez,107533,5.10%,0.54%,2.83%,0.37%,0.46%,90.70%
300,Mejía,104057,3.37%,0.45%,1.33%,0.14%,0.20%,94.51%
304,May,103306,83.55%,9.57%,1.22%,0.73%,1.89%,3.04%
320,Molina,96979,5.82%,0.51%,2.28%,0.64%,0.42%,90.32%
330,Miranda,93628,12.32%,1.34%,4.21%,0.42%,0.75%,80.97%
352,McDaniel,88728,76.18%,18.35%,0.43%,0.64%,2.05%,2.35%
353,Moran,88615,64.14%,2.43%,0.70%,0.79%,1.13%,30.81%
368,Miles,84942,61.33%,32.35%,0.49%,0.78%,2.61%,2.44%
377,McKinney,83616,68.84%,25.18%,0.40%,0.88%,2.37%,2.34%
378,Mann,83510,80.39%,9.90%,3.61%,1.32%,2.12%,2.66%
384,McCarthy,82950,92.29%,3.25%,0.68%,0.27%,1.27%,2.24%
423,Moss,76908,69.73%,24.71%,0.48%,0.68%,2.12%,2.28%
434,Manning,74949,73.90%,20.34%,0.56%,0.81%,2.03%,2.36%
437,McLaughlin,74816,87.99%,7.08%,0.58%,0.53%,1.44%,2.38%
439,McGee,74542,62.25%,31.53%,0.45%,0.73%,2.72%,2.32%
459,Montoya,71844,8.65%,0.26%,0.87%,1.40%,0.38%,88.44%
463,Mullins,71646,88.75%,6.86%,0.36%,0.52%,1.78%,1.74%
465,Malone,71286,67.31%,26.77%,0.56%,0.71%,2.19%,2.46%
468,Mack,71056,44.76%,49.06%,0.70%,0.53%,2.59%,2.37%
490,Maxwell,67961,73.22%,20.63%,0.61%,0.64%,2.16%,2.74%
519,Moody,64429,71.27%,22.86%,0.44%,0.76%,1.95%,2.71%
521,McGuire,64327,88.00%,6.33%,0.65%,0.56%,1.86%,2.61%
523,Mueller,64191,95.66%,0.31%,0.64%,0.24%,1.14%,2.02%
527,McBride,63899,74.28%,19.88%,0.44%,0.80%,2.02%,2.57%
532,McCormick,63649,87.33%,7.59%,0.57%,0.42%,1.61%,2.48%
537,Marsh,62304,82.74%,12.04%,0.54%,0.57%,1.90%,2.22%
538,Macias,62227,4.92%,0.17%,0.40%,0.21%,0.16%,94.14%
555,Mercado,60761,5.24%,0.58%,6.85%,0.14%,0.63%,86.55%
563,McKenzie,59595,64.64%,28.63%,0.69%,0.74%,2.28%,3.03%
568,Morton,59213,74.00%,19.74%,0.66%,0.86%,2.29%,2.45%
583,Mora,57464,7.38%,0.45%,1.07%,0.26%,0.26%,90.59%
586,Meyers,57127,89.78%,4.64%,0.76%,0.62%,1.82%,2.38%
594,Morrow,56840,79.85%,14.72%,0.52%,0.72%,2.04%,2.15%
603,Meléndez,56230,4.96%,0.99%,0.48%,0.22%,0.26%,93.08%
610,Massey,55595,73.18%,20.42%,1.06%,1.07%,1.96%,2.32%
617,Monroe,55136,62.88%,29.27%,0.50%,1.53%,2.53%,3.28%
625,Mathis,54217,61.94%,32.65%,0.29%,0.59%,2.20%,2.33%
639,Meza,53230,3.73%,0.26%,0.18%,0.18%,0.11%,95.53%
663,Mathews,51592,74.63%,15.36%,4.24%,0.73%,2.21%,2.83%
688,Melton,50069,79.76%,14.20%,0.51%,1.06%,2.12%,2.34%
702,McDowell,49217,69.70%,24.86%,0.48%,0.62%,2.09%,2.25%
703,Marks,49177,79.93%,13.99%,0.73%,0.90%,1.91%,2.53%
722,McClain,48165,61.11%,33.10%,0.36%,0.49%,2.57%,2.37%
723,Montes,48142,5.46%,0.65%,0.79%,0.30%,0.22%,92.58%
724,Mata,48120,5.86%,0.33%,2.58%,0.34%,0.50%,90.39%
730,Mosley,47963,40.49%,53.16%,0.33%,0.61%,3.15%,2.27%
731,McClure,47742,84.62%,9.74%,0.57%,0.83%,1.94%,2.30%
744,MacDonald,46717,93.72%,1.06%,0.85%,0.43%,1.58%,2.37%
755,McCullough,45852,73.27%,21.17%,0.50%,0.45%,2.01%,2.60%
756,Merritt,45594,75.08%,19.67%,0.50%,0.69%,1.95%,2.11%
757,Murillo,45558,4.40%,0.36%,0.87%,0.29%,0.24%,93.84%
758,Moon,45528,65.69%,10.02%,19.10%,0.99%,2.18%,2.02%
773,Meadows,44500,81.24%,14.17%,0.40%,0.48%,1.81%,1.90%
780,McKee,44137,87.42%,6.81%,0.63%,0.84%,1.94%,2.35%
784,Marin,43904,11.07%,1.07%,0.81%,0.17%,0.32%,86.58%
786,McIntyre,43842,78.51%,16.27%,0.54%,0.43%,1.93%,2.32%
794,McCall,43483,66.52%,28.22%,0.45%,0.55%,2.05%,2.21%
801,McLean,43260,66.95%,26.91%,0.66%,0.70%,2.14%,2.63%
813,Middleton,42578,66.71%,28.16%,0.50%,0.46%,2.06%,2.11%
819,McIntosh,42379,69.76%,23.80%,0.55%,1.08%,2.50%,2.30%
824,Morse,41774,90.54%,4.31%,0.72%,0.57%,1.80%,2.06%
835,McFarland,41300,78.85%,15.64%,0.61%,0.55%,2.12%,2.23%
847,Michael,40736,83.59%,8.88%,1.95%,0.67%,1.85%,3.06%
854,Mays,40408,54.75%,39.68%,0.36%,0.56%,2.66%,1.98%
855,Mahoney,40397,91.10%,4.28%,0.63%,0.24%,1.48%,2.27%
858,Medrano,40261,4.27%,0.30%,1.94%,0.21%,0.30%,92.98%
860,McMillan,40237,67.96%,25.64%,0.59%,1.27%,2.40%,2.15%
872,McConnell,39754,88.76%,5.98%,0.58%,0.80%,1.78%,2.10%
880,Mayer,39555,93.11%,1.25%,0.91%,0.36%,1.34%,3.04%
883,McMahon,39411,93.22%,2.27%,0.65%,0.21%,1.30%,2.34%
887,Moses,39216,55.05%,34.47%,2.03%,3.16%,2.70%,2.60%
888,Magaña,39105,3.81%,0.35%,0.61%,0.18%,0.16%,94.90%
895,McKay,38681,80.03%,13.56%,0.70%,1.20%,2.12%,2.39%
928,Mullen,37502,87.64%,6.89%,0.73%,0.57%,1.86%,2.32%
935,Moyer,37050,93.37%,2.40%,0.54%,0.34%,1.44%,1.91%
939,McCarty,36944,88.11%,6.37%,0.54%,0.82%,1.73%,2.44%
953,Maynard,36460,87.48%,6.99%,0.46%,0.69%,1.73%,2.65%
959,Maddox,36250,69.75%,25.22%,0.42%,0.47%,1.94%,2.19%
965,McPherson,36125,73.35%,20.66%,0.57%,0.61%,2.33%,2.49%
982,Madden,35438,84.48%,10.47%,0.68%,0.46%,1.77%,2.14%
983,McCann,35408,89.67%,5.48%,0.65%,0.43%,1.60%,2.17%
989,Mayo,35228,63.25%,22.18%,2.08%,0.91%,2.52%,9.07%
1006,McGrath,34871,94.42%,0.69%,0.68%,0.36%,1.32%,2.53%
1016,Mercer,34431,82.18%,12.92%,0.51%,0.58%,1.62%,2.21%
1018,McNeil,34368,52.43%,41.94%,0.40%,0.56%,2.27%,2.41%
1023,McKnight,34055,59.44%,35.04%,0.48%,0.47%,2.37%,2.20%
1033,Mooney,33555,90.61%,4.30%,0.60%,0.69%,1.60%,2.18%
1046,McGowan,33340,75.15%,19.50%,0.57%,0.49%,1.95%,2.34%
1073,Merrill,32620,90.32%,4.18%,0.70%,1.00%,1.67%,2.13%
1098,McFadden,31839,60.27%,34.75%,0.47%,0.31%,2.11%,2.08%
1105,Marino,31687,84.02%,0.82%,1.08%,0.16%,1.04%,12.87%
1141,McLeod,30769,69.99%,24.09%,0.49%,0.74%,2.31%,2.38%
1143,Mackey,30749,69.46%,24.43%,0.52%,0.80%,2.43%,2.36%
1145,Minor,30702,55.00%,37.16%,0.81%,0.43%,2.39%,4.21%
1147,Muniz,30695,8.02%,0.55%,0.40%,0.36%,0.25%,90.42%
1149,Maloney,30671,91.24%,3.53%,0.63%,0.85%,1.40%,2.35%
1151,McDermott,30528,92.19%,2.59%,0.83%,0.31%,1.42%,2.67%
1152,Moser,30483,94.50%,1.40%,0.68%,0.24%,1.27%,1.91%
1154,McCabe,30401,91.49%,1.14%,0.69%,2.38%,1.57%,2.73%
1184,Mayfield,29805,64.78%,29.16%,0.37%,0.61%,2.55%,2.52%
1194,Morin,29593,70.09%,1.10%,0.78%,2.22%,1.22%,24.59%
1197,McAllister,29544,78.29%,16.15%,0.58%,0.54%,2.10%,2.34%
1202,Meeks,29457,73.84%,20.41%,0.37%,1.06%,2.21%,2.10%
1215,Mobley,29065,57.44%,37.25%,0.34%,0.60%,2.13%,2.24%
1240,Ma,28452,3.07%,0.45%,93.51%,0.06%,1.37%,1.54%
1241,Madison,28411,55.04%,38.28%,0.68%,0.93%,3.01%,2.06%
1252,McCray,28024,26.51%,67.43%,0.24%,0.96%,2.91%,1.96%
1257,Mohamed,27972,20.08%,65.60%,8.23%,0.38%,3.78%,1.94%
1269,Magee,27720,64.77%,30.54%,0.49%,0.52%,1.79%,1.90%
1277,Manuel,27529,39.56%,26.79%,12.84%,3.51%,3.17%,14.13%
1282,McGill,27330,67.52%,26.53%,0.45%,0.60%,2.36%,2.54%
1284,McKenna,27293,94.10%,0.90%,0.58%,0.23%,1.10%,3.10%
1286,Montano,27276,10.61%,0.41%,1.54%,0.67%,0.39%,86.38%
1293,Muller,27216,87.50%,3.16%,1.17%,0.28%,1.55%,6.34%
1299,Madrigal,27033,4.44%,0.17%,1.07%,0.31%,0.33%,93.69%
1303,McGinnis,26953,86.94%,7.62%,0.53%,0.50%,1.99%,2.43%
1329,McNamara,26534,95.17%,0.40%,0.70%,0.28%,1.22%,2.22%
1356,McClellan,26060,81.00%,13.53%,0.54%,0.94%,1.93%,2.06%
1364,Madrid,25854,9.65%,0.42%,3.26%,0.59%,0.64%,85.44%
1383,Michel,25578,51.10%,22.70%,0.50%,0.64%,1.53%,23.52%
1391,Meier,25486,94.94%,0.28%,0.75%,0.28%,1.24%,2.51%
1408,Mayes,25256,60.01%,32.34%,0.36%,0.67%,2.60%,4.04%
1413,Manley,25136,78.54%,15.40%,0.78%,0.62%,2.29%,2.39%
1442,McCauley,24743,83.62%,10.60%,0.53%,1.06%,1.92%,2.27%
1445,Meredith,24679,83.82%,11.00%,0.90%,0.40%,1.77%,2.12%
1446,McElroy,24668,78.93%,15.77%,0.46%,0.45%,1.94%,2.45%
1489,McKinley,24000,74.48%,19.86%,0.56%,0.96%,1.75%,2.38%
1494,Metcalf,23946,86.74%,7.83%,0.51%,0.99%,1.88%,2.04%
1498,McManus,23909,89.56%,5.27%,0.71%,0.38%,1.57%,2.51%
1524,Masters,23533,90.76%,3.12%,0.76%,0.78%,1.78%,2.80%
1529,McGhee,23461,44.63%,48.21%,0.40%,1.66%,3.07%,2.02%
1531,Montalvo,23454,7.29%,0.72%,0.37%,0.16%,0.26%,91.21%
1549,Maher,23222,93.91%,0.47%,1.21%,0.33%,1.62%,2.47%
1552,Machado,23170,40.39%,0.89%,1.59%,0.42%,1.39%,55.32%
1578,Mead,22727,91.36%,2.58%,0.99%,0.70%,1.74%,2.63%
1597,Milligan,22416,80.97%,12.04%,0.46%,1.03%,2.03%,3.46%
1631,Meade,22091,87.03%,7.19%,0.81%,0.47%,1.79%,2.72%
1655,McDonough,21739,95.81%,0.36%,0.52%,0.20%,1.22%,1.88%
1668,McGraw,21614,82.49%,11.76%,0.51%,0.56%,1.82%,2.87%
1683,Miner,21439,87.41%,5.66%,0.90%,1.31%,1.95%,2.76%
1696,Matos,21258,16.83%,1.53%,0.45%,0.14%,0.32%,80.73%
1706,Marrero,21109,7.80%,2.03%,0.56%,0.08%,0.25%,89.28%
1714,Major,20977,61.06%,32.84%,0.66%,0.53%,2.24%,2.67%
1723,McNeal,20778,42.97%,51.03%,0.44%,0.57%,3.14%,1.85%
1724,Metzger,20771,94.88%,1.01%,0.55%,0.37%,1.22%,1.96%
1729,Maurer,20707,95.90%,0.35%,0.70%,0.11%,1.06%,1.88%
1732,Milton,20703,46.75%,46.52%,0.68%,0.59%,2.58%,2.87%
1742,McMullen,20545,82.76%,12.50%,0.42%,0.44%,1.74%,2.13%
1746,McWilliams,20523,76.70%,17.64%,0.56%,0.62%,1.95%,2.53%
1760,Metz,20366,92.54%,2.48%,0.56%,0.44%,1.48%,2.50%
1769,Messer,20306,93.73%,1.10%,0.51%,0.94%,1.82%,1.90%
1795,Melvin,20008,67.64%,27.14%,0.59%,0.52%,1.85%,2.24%
1798,McCollum,19990,76.94%,17.63%,0.56%,0.60%,1.97%,2.30%
1804,Murdock,19873,79.86%,14.08%,0.46%,1.20%,1.93%,2.48%
1814,McQueen,19760,57.66%,36.75%,0.39%,0.64%,2.33%,2.22%
1822,Marroquín,19661,4.62%,0.20%,0.23%,0.21%,0.17%,94.58%
1832,Mena,19522,8.00%,1.16%,1.15%,0.23%,0.34%,89.12%
1862,McCracken,19287,92.20%,3.26%,0.50%,0.48%,1.69%,1.87%
1875,McNeill,19152,63.78%,29.85%,0.43%,1.81%,2.05%,2.09%
1878,Mims,19139,42.49%,51.94%,0.26%,0.25%,2.80%,2.26%
1884,Muhammad,19076,2.78%,82.86%,7.54%,0.32%,3.78%,2.72%
1888,McCain,19032,64.80%,29.07%,0.59%,0.47%,2.39%,2.68%
1889,Medeiros,19031,85.33%,0.55%,2.75%,0.17%,5.75%,5.44%
1907,McClendon,18857,37.73%,55.98%,0.34%,0.49%,3.14%,2.31%
1923,Mansfield,18725,86.84%,7.12%,0.61%,0.68%,1.91%,2.85%
1941,Mondragón,18620,4.90%,0.16%,0.45%,0.45%,0.28%,93.76%
1962,McHugh,18422,95.29%,0.74%,0.64%,0.16%,1.17%,1.99%
1987,McRae,18156,52.70%,41.41%,0.41%,0.44%,2.46%,2.58%
2001,Moya,18071,7.23%,0.73%,1.95%,0.51%,0.28%,89.30%
2019,McCord,17875,79.73%,14.79%,0.39%,1.06%,1.86%,2.18%
2023,Moreland,17832,73.99%,20.18%,0.51%,0.72%,2.37%,2.23%
2030,Munson,17745,87.25%,6.91%,0.90%,0.66%,1.89%,2.39%
2037,Marcus,17671,76.76%,12.60%,1.14%,0.60%,1.68%,7.22%
2048,Mallory,17578,62.34%,31.83%,0.40%,0.77%,2.50%,2.15%
2057,Michaels,17528,91.74%,2.92%,0.75%,0.36%,1.55%,2.68%
2074,McCormack,17449,92.43%,1.83%,0.66%,0.53%,1.70%,2.84%
2075,Mai,17445,11.32%,0.55%,85.47%,0.11%,1.40%,1.14%
2083,Madsen,17364,94.78%,0.44%,0.73%,0.44%,1.50%,2.11%
2090,Montero,17314,9.96%,1.14%,3.42%,0.12%,0.67%,84.68%
2095,McGovern,17257,94.81%,0.49%,0.56%,0.25%,1.45%,2.44%
2105,Mireles,17186,5.75%,0.29%,0.22%,0.19%,0.09%,93.46%
2106,Mohr,17180,95.02%,0.59%,0.79%,0.38%,1.22%,2.00%
2109,McLain,17152,87.68%,7.20%,0.53%,0.83%,1.60%,2.16%
2112,Moseley,17130,77.64%,17.08%,0.52%,0.58%,1.79%,2.39%
2117,Mott,17092,84.74%,10.14%,0.59%,0.57%,1.65%,2.32%
2173,Maguire,16713,95.26%,0.48%,0.69%,0.23%,1.26%,2.08%
2191,McNair,16595,39.57%,54.75%,0.46%,0.56%,2.71%,1.96%
2200,Malloy,16546,77.58%,17.47%,0.50%,0.40%,1.93%,2.12%
2240,Montañez,16281,5.20%,1.04%,0.60%,0.18%,0.22%,92.76%
2244,Marcum,16246,94.92%,0.83%,0.40%,0.57%,1.61%,1.67%
2247,Means,16203,64.24%,28.74%,0.56%,1.62%,2.44%,2.42%
2247,Mattson,16203,94.11%,0.37%,0.86%,0.71%,1.85%,2.10%
2268,McNally,16039,93.70%,1.38%,0.69%,0.40%,1.21%,2.61%
2288,Mast,15932,96.99%,0.34%,0.46%,0.13%,0.83%,1.24%
2301,Mock,15847,84.98%,7.02%,2.83%,0.48%,1.75%,2.95%
2313,McCloud,15783,51.28%,41.08%,0.30%,2.59%,2.55%,2.19%
2325,Mosher,15672,94.68%,0.41%,0.64%,0.41%,1.44%,2.41%
2333,McGregor,15614,81.03%,13.46%,0.51%,0.63%,1.72%,2.65%
2347,Monahan,15533,94.37%,0.65%,0.75%,0.34%,1.24%,2.65%
2359,McKinnon,15450,70.29%,23.90%,0.60%,0.67%,1.73%,2.80%
2371,Mahan,15375,85.78%,7.23%,1.35%,0.68%,2.16%,2.82%
2395,Mohammed,15132,17.16%,36.67%,34.25%,0.65%,7.94%,3.34%
2411,Mattingly,15050,94.47%,1.51%,0.47%,0.51%,1.44%,1.59%
2419,Meek,14970,91.64%,2.32%,0.73%,1.01%,1.74%,2.55%
2427,Mares,14931,16.02%,0.48%,0.25%,0.50%,0.25%,82.50%
2429,Malik,14925,22.20%,6.13%,66.60%,0.07%,3.30%,1.70%
2431,Michaud,14910,90.62%,4.56%,0.52%,0.58%,1.77%,1.94%
2446,Marion,14777,70.47%,23.17%,0.61%,0.97%,2.25%,2.54%
2450,Mojica,14737,4.28%,0.76%,5.20%,0.23%,0.73%,88.80%
2455,Merchant,14692,63.76%,15.71%,14.31%,0.59%,2.35%,3.29%
2456,Monroy,14673,5.24%,0.16%,0.95%,0.20%,0.15%,93.29%
2464,Meehan,14630,94.96%,0.31%,0.64%,0.21%,1.02%,2.86%
2469,Mulligan,14590,91.47%,3.52%,0.75%,0.25%,1.26%,2.73%
2522,McMahan,14368,91.48%,3.81%,0.38%,0.81%,1.66%,1.85%
2526,Mehta,14342,3.31%,0.19%,92.90%,0.29%,2.63%,0.68%
2527,Mayberry,14326,70.78%,23.43%,0.36%,0.59%,2.56%,2.28%
2532,McDonnell,14309,94.65%,1.01%,0.51%,0.29%,1.25%,2.29%
2537,Mark,14265,64.91%,15.44%,11.34%,2.52%,2.53%,3.26%
2547,Mota,14182,12.16%,0.65%,1.09%,0.31%,0.24%,85.55%
2557,Maier,14135,94.67%,0.45%,0.67%,0.37%,1.32%,2.53%
2564,McClelland,14092,84.71%,10.40%,0.45%,0.53%,1.53%,2.38%
2579,Moua,14013,0.90%,0.15%,96.62%,0.00%,1.18%,1.15%
2588,Moeller,13915,95.68%,0.20%,0.53%,0.24%,1.01%,2.33%
2591,Myles,13898,21.61%,72.13%,0.32%,0.22%,3.18%,2.53%
2612,Mathew,13808,12.28%,2.83%,80.74%,0.68%,1.95%,1.51%
2623,Mateo,13746,5.59%,0.74%,11.57%,0.13%,1.04%,80.93%
2626,Minton,13737,90.13%,5.23%,0.55%,0.57%,1.51%,2.01%
2628,MacKenzie,13733,92.62%,1.36%,0.84%,0.31%,1.86%,3.01%
2639,Manzo,13635,26.37%,0.26%,0.92%,0.14%,0.42%,71.88%
2641,Medley,13630,70.34%,24.30%,0.37%,0.45%,2.33%,2.20%
2645,McCartney,13615,92.46%,2.63%,0.69%,0.48%,1.44%,2.30%
2656,Mesa,13566,10.31%,0.71%,3.35%,0.74%,1.17%,83.72%
2658,Morrissey,13564,94.47%,0.97%,0.77%,0.11%,1.19%,2.49%
2674,McNulty,13483,92.55%,2.94%,0.89%,0.23%,1.25%,2.14%
2720,Myrick,13236,63.71%,30.22%,0.42%,0.81%,2.19%,2.65%
2728,Marlow,13205,86.97%,7.10%,0.54%,0.72%,2.15%,2.51%
2741,Markham,13137,87.71%,6.28%,0.81%,0.57%,2.31%,2.31%
2746,Martino,13128,88.49%,3.16%,0.55%,0.20%,0.78%,6.82%
2804,Mabry,12846,68.31%,26.40%,0.30%,0.48%,2.01%,2.50%
2805,Millard,12843,90.13%,3.69%,0.97%,0.57%,1.78%,2.87%
2824,Main,12776,91.94%,0.66%,1.53%,1.32%,1.75%,2.79%
2833,Messina,12717,93.83%,0.27%,0.50%,0.06%,1.16%,4.20%
2844,McArthur,12683,75.35%,17.59%,0.52%,1.01%,2.52%,3.01%
2857,Munguía,12615,3.95%,0.22%,0.13%,0.13%,0.11%,95.46%
2861,Matlock,12599,73.69%,19.87%,0.52%,1.18%,2.44%,2.29%
2870,Muse,12571,58.11%,36.39%,0.68%,0.47%,2.39%,1.97%
2880,McCurdy,12463,84.63%,10.26%,0.31%,0.71%,1.73%,2.36%
2894,Mixon,12394,64.06%,30.77%,0.33%,0.64%,2.23%,1.98%
2896,Montiel,12376,4.77%,0.37%,0.40%,0.48%,0.15%,93.83%
2898,McAfee,12371,71.40%,22.25%,0.43%,0.58%,2.49%,2.85%
2911,Matson,12320,92.35%,1.90%,0.75%,1.25%,1.59%,2.16%
2933,Mace,12222,89.67%,4.12%,0.39%,1.45%,1.56%,2.81%
2937,McCrary,12204,64.86%,29.84%,0.29%,0.48%,2.06%,2.47%
2955,Milner,12153,77.55%,17.33%,0.57%,0.43%,1.63%,2.49%
2961,Masterson,12117,92.19%,2.31%,0.64%,0.66%,1.81%,2.39%
2963,Moulton,12104,88.74%,6.06%,0.64%,0.56%,1.69%,2.31%
2964,Monk,12103,78.42%,15.81%,0.85%,0.62%,1.58%,2.72%
3008,Mize,11908,91.29%,2.78%,0.55%,0.98%,2.06%,2.34%
3025,Moffett,11853,67.82%,26.42%,0.57%,0.95%,1.88%,2.35%
3038,Milam,11787,85.32%,8.21%,0.65%,0.82%,2.02%,2.97%
3043,McMillian,11765,35.86%,57.37%,0.26%,2.12%,2.51%,1.89%
3050,Martins,11751,81.28%,8.15%,1.65%,0.56%,2.04%,6.31%
3062,Marx,11716,94.43%,1.14%,0.73%,0.46%,1.09%,2.14%
3065,Morrell,11700,83.52%,9.24%,0.64%,0.73%,1.79%,4.08%
3073,Merino,11684,8.43%,0.28%,1.57%,0.52%,0.21%,88.98%
3076,Mello,11670,89.56%,0.99%,0.83%,0.30%,1.71%,6.62%
3078,McAlister,11665,83.11%,11.63%,0.32%,0.74%,1.90%,2.30%
3082,McHenry,11660,76.81%,16.96%,0.51%,1.01%,2.34%,2.37%
3091,Matias,11635,11.82%,0.86%,8.92%,0.21%,0.98%,77.21%
3102,Menéndez,11609,12.34%,1.13%,0.33%,0.04%,0.19%,85.98%
3122,McAdams,11547,86.31%,8.59%,0.46%,0.72%,1.86%,2.06%
3126,Menard,11543,85.48%,8.07%,0.52%,1.72%,1.39%,2.82%
3142,Maciel,11500,17.82%,0.55%,0.23%,0.16%,0.41%,80.83%
3175,Mancini,11382,94.68%,0.39%,0.52%,0.10%,0.82%,3.50%
3183,McNeely,11350,84.03%,10.65%,0.55%,0.57%,1.96%,2.25%
3185,Murrell,11347,53.52%,40.58%,0.38%,0.40%,2.68%,2.44%
3209,Montague,11258,66.10%,27.51%,0.60%,0.84%,2.07%,2.89%
3234,Martell,11158,65.51%,1.85%,0.63%,2.89%,1.76%,27.37%
3238,Moe,11150,85.08%,2.92%,7.45%,0.39%,2.22%,1.94%
3245,Muir,11130,88.31%,5.76%,0.83%,0.46%,1.52%,3.13%
3250,Mullin,11103,91.44%,3.14%,0.46%,0.81%,1.86%,2.29%
3275,Morley,11028,91.24%,3.36%,0.63%,0.48%,1.40%,2.89%
3282,Mortensen,11013,93.48%,0.37%,0.92%,0.30%,1.53%,3.40%
3296,Massie,10920,81.90%,12.29%,0.61%,0.36%,2.20%,2.64%
3298,Morey,10894,91.08%,1.24%,1.06%,0.80%,1.54%,4.29%
3303,Miguel,10861,13.31%,3.11%,13.72%,4.90%,2.73%,62.23%
3306,McLemore,10850,63.44%,28.56%,0.43%,1.87%,3.32%,2.38%
3336,McCloskey,10756,93.73%,0.58%,0.67%,1.46%,1.19%,2.37%
3337,Mendiola,10752,6.64%,0.31%,14.69%,0.15%,3.02%,75.19%
3338,Medlin,10750,90.50%,4.78%,0.28%,0.68%,1.75%,2.01%
3339,Millan,10733,11.26%,0.60%,3.37%,0.11%,0.47%,84.19%
3341,Marr,10724,88.34%,4.26%,1.91%,0.64%,2.02%,2.82%
3344,March,10719,77.95%,16.06%,0.68%,0.41%,2.11%,2.79%
3364,Malcolm,10618,65.17%,29.83%,0.41%,0.70%,1.70%,2.19%
3365,Montenegro,10606,6.89%,0.45%,3.43%,0.14%,0.51%,88.57%
3367,Maples,10603,89.04%,5.90%,0.35%,0.82%,1.90%,1.99%
3372,Maxey,10584,73.20%,20.36%,0.64%,0.91%,2.50%,2.39%
3380,McIntire,10566,92.27%,2.28%,0.51%,0.79%,1.61%,2.55%
3424,Monson,10425,89.50%,3.41%,0.86%,0.25%,1.22%,4.76%
3429,McClanahan,10407,88.77%,6.19%,0.39%,0.52%,1.69%,2.44%
3444,McMillen,10371,92.94%,2.22%,0.65%,0.58%,1.59%,2.02%
3466,Maya,10313,8.96%,1.32%,1.58%,0.41%,0.45%,87.29%
3468,Marvin,10310,89.12%,4.75%,0.75%,1.13%,1.51%,2.74%
3470,Minter,10301,61.05%,32.89%,0.44%,0.46%,2.54%,2.62%
3474,Meador,10292,93.49%,2.24%,0.42%,0.45%,1.44%,1.96%
3480,Motley,10274,52.47%,41.06%,0.39%,0.93%,2.88%,2.26%
3495,McCallum,10229,73.74%,21.46%,0.50%,0.65%,1.67%,1.98%
3499,Mendenhall,10213,88.34%,5.60%,0.59%,0.87%,1.87%,2.73%
3514,Mendes,10162,56.39%,13.12%,3.14%,0.63%,2.86%,23.86%
3518,Murry,10140,50.91%,42.68%,0.58%,0.84%,2.70%,2.29%
3526,McDuffie,10125,39.60%,55.61%,0.21%,0.23%,2.52%,1.83%
3535,Mattox,10099,72.93%,21.49%,0.50%,0.60%,2.41%,2.08%
3539,Montez,10097,9.63%,1.50%,0.56%,0.74%,0.63%,86.94%
3540,Martens,10096,94.48%,0.45%,0.54%,0.24%,1.00%,3.29%
3543,Moffitt,10070,86.66%,8.19%,0.54%,0.63%,1.93%,2.06%
3561,Mauldin,10011,84.18%,10.38%,0.48%,0.83%,1.81%,2.33%
3564,Moriarty,10005,95.77%,0.38%,0.57%,0.23%,1.10%,1.95%
3569,Mears,9988,87.98%,6.71%,0.74%,0.46%,1.82%,2.29%
3583,McNabb,9935,88.59%,6.18%,0.48%,0.73%,1.53%,2.49%
3600,MacKay,9886,91.97%,1.55%,1.13%,0.39%,1.53%,3.43%
3605,McCarter,9849,74.16%,20.22%,0.54%,0.92%,2.13%,2.03%
3613,McMurray,9824,81.47%,12.30%,0.76%,0.47%,2.02%,2.98%
3615,Musser,9820,95.77%,0.48%,0.57%,0.33%,1.36%,1.49%
3650,Majors,9747,66.42%,27.04%,0.57%,0.67%,2.71%,2.59%
3655,Melo,9731,43.52%,1.40%,2.03%,0.07%,0.59%,52.39%
3665,Mancuso,9711,94.82%,0.44%,0.47%,0.10%,0.91%,3.25%
3668,Mosqueda,9709,4.15%,0.13%,1.70%,0.59%,0.29%,93.14%
3679,Mayorga,9659,4.72%,0.30%,0.32%,0.10%,0.18%,94.38%
3697,Manzano,9608,6.16%,0.77%,13.66%,0.33%,1.64%,77.44%
3705,Madera,9583,14.18%,0.74%,1.48%,0.34%,0.43%,82.82%
3715,McCune,9549,87.66%,7.15%,0.52%,0.47%,2.08%,2.10%
3723,Mangum,9515,69.67%,25.21%,0.29%,0.37%,1.79%,2.67%
3746,McClung,9456,89.30%,5.71%,0.34%,0.59%,1.98%,2.08%
3749,Mahon,9441,88.79%,5.11%,0.71%,0.30%,1.73%,3.37%
3752,Mundy,9439,81.59%,13.35%,0.71%,0.58%,1.78%,1.99%
3774,Mull,9377,86.17%,7.97%,1.21%,1.14%,1.56%,1.96%
3780,Martines,9363,11.67%,0.69%,0.95%,0.22%,0.63%,85.83%
3786,McGrew,9354,75.37%,18.23%,0.62%,0.41%,1.99%,3.39%
3795,McFarlane,9319,53.24%,38.00%,0.61%,0.47%,2.36%,5.32%
3801,McWhorter,9312,81.86%,13.26%,0.35%,0.44%,1.71%,2.37%
3818,Maas,9285,93.93%,0.51%,0.86%,0.56%,1.00%,3.14%
3834,McNutt,9232,87.11%,7.46%,0.54%,0.63%,1.85%,2.40%
3835,McCutcheon,9230,83.87%,10.78%,0.54%,0.64%,1.97%,2.20%
3860,Maki,9190,92.00%,0.70%,3.11%,0.98%,1.64%,1.57%
3879,McClintock,9141,91.35%,4.06%,0.54%,0.28%,1.61%,2.17%
3882,McCombs,9134,80.28%,14.34%,0.48%,0.86%,1.99%,2.04%
3897,Melgar,9106,3.90%,0.20%,1.72%,0.09%,0.22%,93.87%
3904,Mariano,9091,37.18%,1.80%,31.03%,4.77%,3.17%,22.04%
3908,Mayhew,9085,87.76%,7.29%,0.69%,0.41%,1.75%,2.10%
3908,Merriman,9085,88.65%,6.35%,0.47%,0.75%,1.96%,1.82%
3925,Martel,9056,76.46%,1.90%,1.35%,0.75%,1.24%,18.31%
3942,Moreira,9037,35.90%,3.84%,0.94%,0.21%,1.03%,58.08%
3943,Moreau,9035,85.02%,9.09%,0.51%,0.29%,1.72%,3.38%
3954,Mullis,9003,96.39%,0.36%,0.37%,0.24%,1.12%,1.52%
3998,Miramontes,8884,4.33%,0.10%,0.19%,0.19%,0.18%,95.00%
4007,Marte,8867,8.67%,1.05%,1.93%,0.10%,0.39%,87.85%
4012,Magallanes,8852,4.00%,0.24%,3.81%,0.16%,0.94%,90.86%
4014,Mathias,8851,85.64%,4.88%,3.78%,0.95%,1.83%,2.91%
4018,McVey,8848,93.61%,1.72%,0.46%,0.55%,1.33%,2.32%
4032,Merrell,8809,84.07%,10.24%,0.47%,1.03%,1.85%,2.34%
4046,Moy,8781,18.59%,4.27%,67.90%,0.28%,5.64%,3.33%
4046,Meeker,8781,94.88%,0.27%,0.48%,0.73%,1.48%,2.16%
4055,Mount,8754,89.39%,4.34%,1.02%,0.99%,2.16%,2.10%
4056,Munn,8751,82.61%,11.71%,0.79%,0.32%,2.14%,2.43%
4058,Marquardt,8749,95.01%,0.42%,1.03%,0.33%,1.41%,1.81%
4065,Marquis,8737,87.83%,4.70%,0.66%,0.48%,1.92%,4.40%
4069,Mazur,8733,95.85%,0.26%,0.48%,0.23%,1.21%,1.96%
4111,Merrick,8629,81.97%,11.06%,0.92%,1.33%,1.90%,2.83%
4116,Menjivar,8622,2.34%,0.30%,0.30%,(S),(S),96.94%
4119,Meraz,8616,3.81%,0.30%,0.20%,0.19%,0.09%,95.42%
4128,Matheny,8595,92.11%,3.09%,0.52%,0.54%,1.63%,2.11%
4131,Molnar,8586,95.70%,0.16%,0.54%,0.15%,0.99%,2.46%
4134,Moncada,8574,7.69%,0.26%,1.31%,0.09%,0.28%,90.38%
4143,Meneses,8548,14.27%,0.49%,11.94%,0.19%,1.05%,72.05%
4146,McCallister,8545,86.90%,8.25%,0.51%,0.42%,2.14%,1.77%
4154,McCorkle,8529,75.81%,19.28%,0.38%,0.57%,1.96%,2.00%
4157,Mosier,8522,93.63%,0.97%,0.67%,0.99%,1.81%,1.94%
4180,Montelongo,8472,4.30%,0.21%,0.22%,0.35%,0.08%,94.83%
4193,McLendon,8453,67.63%,27.27%,0.20%,0.56%,2.30%,2.05%
4201,Macedo,8433,24.52%,1.22%,0.68%,0.26%,0.57%,72.75%
4209,Monge,8418,12.13%,1.03%,1.10%,0.08%,0.33%,85.32%
4238,Mariscal,8368,3.98%,0.18%,0.31%,0.13%,0.16%,95.24%
4269,Melchor,8319,4.88%,2.82%,3.55%,0.44%,0.66%,87.64%
4285,McCreary,8298,73.92%,20.17%,0.59%,0.59%,2.43%,2.29%
4287,Maestas,8296,16.28%,0.25%,0.30%,1.21%,0.42%,81.53%
4309,McCue,8250,93.71%,1.33%,0.56%,0.23%,1.92%,2.25%
4309,Martz,8250,95.37%,0.32%,0.52%,0.41%,1.15%,2.23%
4312,McCulloch,8244,91.87%,3.23%,0.53%,0.34%,1.52%,2.51%
4321,Mowery,8226,95.68%,0.35%,0.46%,0.50%,1.48%,1.52%
4331,Monaco,8198,94.28%,0.45%,0.65%,0.13%,0.98%,3.51%
4339,McCaffrey,8181,94.89%,0.32%,1.05%,0.18%,1.39%,2.16%
4345,Menchaca,8169,7.42%,0.50%,0.33%,0.20%,0.23%,91.32%
4361,Mercier,8149,85.41%,8.26%,0.64%,1.64%,1.60%,2.45%
4367,Moen,8138,95.64%,0.26%,0.84%,0.29%,1.25%,1.72%
4381,Manríquez,8119,4.40%,0.17%,0.36%,0.46%,0.20%,94.42%
4386,Montemayor,8106,7.66%,0.25%,8.99%,0.14%,0.63%,82.33%
4393,Maness,8095,91.64%,3.68%,0.49%,0.72%,1.40%,2.08%
4398,McVay,8086,85.23%,9.75%,0.67%,0.42%,1.71%,2.23%
4399,Morel,8085,37.58%,2.41%,0.63%,0.16%,0.73%,58.49%
4400,Mahaffey,8079,91.11%,4.33%,0.40%,0.30%,1.55%,2.31%
4412,Martinson,8048,92.88%,0.71%,1.04%,0.94%,2.21%,2.21%
4414,McLaurin,8045,29.86%,64.59%,0.42%,0.34%,2.90%,1.90%
4417,Mazza,8043,93.39%,0.37%,0.58%,0.11%,1.14%,4.40%
4420,Marek,8042,94.52%,0.58%,1.04%,0.66%,0.93%,2.26%
4445,Magnuson,7980,94.81%,0.23%,0.49%,0.64%,1.74%,2.09%
4452,Monaghan,7968,95.76%,0.35%,0.59%,0.69%,1.03%,1.58%
4461,Magdaleno,7956,4.15%,0.60%,0.34%,0.20%,0.20%,94.51%
4475,McInnis,7933,73.24%,22.44%,0.58%,0.24%,1.42%,2.08%
4481,Muro,7916,15.90%,0.61%,0.88%,0.15%,0.37%,82.09%
4486,Mancilla,7908,5.27%,0.19%,1.43%,0.21%,0.15%,92.74%
4495,MacLeod,7886,93.96%,0.81%,0.68%,0.36%,1.83%,2.36%
4496,Meister,7885,95.69%,0.23%,0.60%,0.18%,1.20%,2.11%
4507,Milburn,7871,83.10%,11.69%,0.51%,0.32%,1.88%,2.50%
4510,Mei,7867,6.37%,(S),91.72%,(S),0.62%,0.97%
4521,Mertz,7841,95.80%,0.40%,0.64%,0.20%,0.82%,2.14%
4535,McKoy,7820,11.09%,83.26%,0.12%,0.42%,2.93%,2.19%
4594,Mauro,7722,91.50%,0.43%,0.76%,0.14%,1.01%,6.15%
4629,Manson,7663,66.44%,25.79%,0.64%,2.01%,2.27%,2.86%
4634,Moye,7657,46.78%,47.67%,0.52%,0.37%,2.29%,2.38%
4636,Morehead,7653,74.48%,18.71%,0.47%,0.55%,2.43%,3.36%
4642,McKeever,7647,82.11%,12.40%,0.54%,0.42%,1.74%,2.80%
4652,Mather,7621,80.58%,0.94%,14.08%,0.80%,1.35%,2.24%
4658,Martini,7612,90.28%,1.22%,0.96%,0.39%,1.43%,5.71%
4659,McEwen,7610,82.06%,12.14%,0.66%,0.37%,2.40%,2.37%
4664,McFall,7602,85.94%,9.34%,0.79%,0.38%,1.84%,1.71%
4667,Morrill,7598,94.13%,0.36%,0.62%,0.66%,1.33%,2.91%
4673,McCurry,7590,86.42%,9.43%,0.38%,0.41%,1.62%,1.74%
4678,Matheson,7585,91.43%,2.56%,0.98%,1.11%,1.70%,2.23%
4679,Markley,7581,92.53%,2.72%,0.82%,0.37%,1.74%,1.82%
4679,Minnick,7581,93.92%,2.74%,0.34%,0.45%,1.42%,1.12%
4699,Mosby,7549,30.16%,63.15%,0.40%,0.70%,3.30%,2.29%
4716,Marques,7520,69.81%,3.20%,1.36%,0.61%,1.58%,23.43%
4726,MacLean,7504,93.44%,0.76%,0.80%,0.23%,1.79%,2.99%
4737,Mattison,7485,74.58%,20.05%,0.55%,0.47%,2.15%,2.20%
4740,Manzanares,7480,9.08%,0.40%,0.68%,0.56%,0.44%,88.84%
4768,McDevitt,7425,96.22%,0.13%,0.62%,0.13%,1.35%,1.55%
4780,Moorman,7399,79.43%,15.98%,0.35%,0.38%,1.70%,2.16%
4785,McMichael,7392,80.14%,14.53%,0.84%,0.34%,1.76%,2.39%
4795,McReynolds,7373,77.76%,15.90%,0.54%,0.76%,2.01%,3.04%
4797,Miley,7365,81.85%,13.25%,0.64%,0.39%,1.63%,2.24%
4805,McKeown,7357,93.49%,1.70%,0.71%,0.24%,1.69%,2.17%
4822,Mulder,7317,92.59%,2.58%,0.68%,0.46%,1.50%,2.17%
4839,McKeon,7283,94.81%,0.48%,0.84%,0.14%,1.40%,2.33%
4850,Mickelson,7267,95.57%,0.52%,0.40%,0.54%,1.17%,1.80%
4852,McKenney,7265,82.02%,13.04%,0.72%,0.34%,1.94%,1.94%
4856,McCool,7259,91.73%,3.18%,0.44%,0.73%,1.89%,2.03%
4858,McDaniels,7256,57.40%,34.73%,0.66%,0.94%,3.29%,2.98%
4868,Molloy,7238,94.31%,0.62%,0.54%,0.22%,1.41%,2.90%
4875,Michels,7225,95.11%,0.62%,0.48%,0.42%,1.27%,2.09%
4919,Matteson,7148,94.74%,0.35%,0.78%,0.62%,1.57%,1.94%
4927,Macklin,7140,43.05%,51.58%,0.34%,0.35%,2.41%,2.27%
4930,McDougal,7139,76.71%,18.17%,0.64%,0.77%,1.85%,1.86%
4938,Moll,7131,89.58%,1.40%,2.22%,0.13%,1.25%,5.43%
4945,McDade,7119,64.90%,29.93%,0.34%,0.81%,1.99%,2.02%
4975,Marler,7058,93.67%,0.43%,0.43%,1.05%,1.57%,2.86%
4985,McKelvey,7043,84.82%,11.16%,0.35%,0.38%,1.58%,1.70%
5011,McBee,7011,83.33%,11.31%,0.27%,0.53%,2.11%,2.45%
5013,Macon,7008,31.89%,61.03%,0.43%,0.86%,3.28%,2.51%
5022,Merkel,6991,95.17%,0.27%,0.70%,0.31%,1.50%,2.05%
5026,McGarry,6982,94.30%,0.74%,0.86%,0.17%,1.05%,2.88%
5026,Min,6982,3.68%,0.43%,92.15%,0.07%,2.74%,0.93%
5033,Musick,6972,93.70%,0.40%,0.76%,0.82%,1.46%,2.85%
5036,Monteiro,6965,54.86%,27.81%,5.70%,0.65%,4.34%,6.65%
5040,Martindale,6962,87.32%,6.31%,0.70%,0.95%,2.00%,2.73%
5052,Mabe,6939,95.99%,0.71%,0.81%,0.65%,1.01%,0.84%
5067,Munro,6918,89.90%,4.05%,0.62%,0.55%,1.53%,3.35%
5072,Michalski,6914,95.86%,0.35%,0.40%,0.32%,1.01%,2.05%
5086,Millar,6883,89.84%,3.25%,1.51%,0.29%,1.69%,3.41%
5112,McGinley,6851,94.83%,0.51%,0.92%,0.22%,1.61%,1.91%
5184,McMaster,6744,92.19%,3.05%,0.76%,0.44%,1.68%,1.88%
5212,Mandel,6703,92.93%,0.87%,1.40%,0.18%,0.82%,3.80%
5220,Mashburn,6688,92.64%,1.47%,0.46%,1.38%,1.76%,2.29%
5221,Mackie,6686,81.51%,13.27%,0.49%,0.64%,1.57%,2.51%
5229,Marchese,6670,93.18%,0.42%,0.39%,0.15%,0.91%,4.95%
5237,Musgrove,6660,81.46%,12.18%,0.50%,1.05%,2.12%,2.70%
5239,Metzler,6657,94.02%,1.04%,0.47%,0.30%,1.35%,2.82%
5242,McDougall,6655,89.17%,3.53%,0.84%,1.01%,1.97%,3.49%
5266,Maggard,6625,94.22%,1.10%,0.35%,0.63%,1.84%,1.86%
5275,Marchand,6610,84.81%,4.11%,0.79%,2.78%,1.83%,5.67%
5279,Mulcahy,6595,95.86%,0.14%,0.55%,0.20%,1.06%,2.20%
5289,Mallard,6583,51.54%,33.84%,10.39%,0.35%,1.87%,2.01%
5315,Mallett,6556,69.16%,25.58%,0.46%,0.24%,1.77%,2.79%
5317,McCleary,6554,82.90%,11.52%,0.69%,0.20%,2.01%,2.69%
5319,Mathes,6553,87.17%,8.15%,0.72%,0.56%,1.85%,1.56%
5325,Marlowe,6543,88.46%,6.86%,0.52%,0.41%,1.45%,2.29%
5329,Mouton,6535,45.97%,47.62%,0.50%,0.15%,2.77%,2.98%
5329,Marston,6535,88.13%,6.27%,0.70%,0.46%,2.00%,2.43%
5333,Morelli,6532,93.39%,0.28%,0.51%,0.23%,0.90%,4.70%
5348,Mohler,6506,94.67%,0.29%,0.83%,0.32%,1.84%,2.04%
5360,Melancon,6496,82.62%,13.79%,0.26%,0.29%,1.17%,1.86%
5404,Messick,6441,94.16%,1.89%,0.43%,0.40%,1.35%,1.75%
5407,Marker,6438,93.06%,1.07%,1.10%,0.48%,1.32%,2.97%
5408,Matthew,6436,54.37%,32.64%,5.72%,0.90%,2.59%,3.78%
5421,Money,6420,84.78%,9.22%,1.29%,0.44%,1.96%,2.31%
5427,Medlock,6416,65.57%,27.65%,0.51%,0.87%,2.98%,2.42%
5431,Mumford,6413,69.05%,25.59%,0.58%,0.23%,2.14%,2.42%
5444,McHale,6391,95.52%,0.30%,0.49%,0.11%,1.47%,2.11%
5444,Mudd,6391,88.30%,7.14%,0.61%,0.34%,1.58%,2.03%
5474,Mulholland,6353,93.50%,1.54%,0.85%,0.52%,1.43%,2.16%
5475,Machuca,6351,3.37%,0.20%,0.25%,0.14%,0.11%,95.92%
5504,McCrea,6320,66.58%,27.86%,0.47%,1.42%,1.71%,1.95%
5505,McLellan,6318,85.14%,7.01%,0.79%,0.71%,2.63%,3.72%
5507,Myer,6317,90.95%,3.04%,1.22%,0.46%,1.76%,2.58%
5508,Mangan,6315,90.31%,1.95%,2.58%,1.17%,1.60%,2.39%
5511,Manns,6312,52.76%,40.78%,0.36%,0.43%,3.44%,2.23%
5513,Morehouse,6309,91.49%,3.28%,0.70%,0.44%,1.90%,2.19%
5516,Musselman,6306,95.94%,0.27%,0.52%,0.13%,1.05%,2.09%
5518,McCluskey,6301,91.73%,2.75%,0.60%,0.83%,1.75%,2.35%
5525,Mansour,6291,87.59%,(S),2.46%,(S),4.28%,3.39%
5525,Miracle,6291,93.07%,2.99%,0.57%,0.46%,1.26%,1.65%
5542,McCants,6270,20.02%,75.15%,0.29%,0.27%,2.54%,1.74%
5543,Milan,6268,44.70%,15.44%,6.24%,0.43%,1.82%,31.37%
5555,Milne,6258,91.00%,1.05%,2.41%,1.10%,1.93%,2.49%
5577,Medellín,6231,6.18%,0.47%,0.55%,0.14%,0.18%,92.49%
5583,Munroe,6226,73.26%,20.41%,0.85%,0.66%,1.57%,3.24%
5591,Marley,6220,87.27%,6.66%,0.51%,0.72%,2.12%,2.72%
5596,Moritz,6216,94.95%,0.10%,0.60%,0.34%,1.30%,2.72%
5600,McSwain,6213,64.75%,29.94%,0.35%,0.69%,2.37%,1.90%
5615,Meacham,6190,90.63%,4.38%,0.61%,0.47%,1.78%,2.13%
5616,Mohan,6188,39.33%,6.33%,48.13%,0.58%,3.70%,1.92%
5646,Monzón,6151,5.53%,0.44%,9.01%,0.20%,0.72%,84.12%
5660,Mandujano,6133,2.45%,0.16%,0.16%,(S),(S),97.15%
5677,Massa,6111,81.36%,2.91%,1.34%,0.33%,1.26%,12.80%
5697,McGinty,6084,88.25%,6.33%,0.61%,0.84%,1.61%,2.37%
5708,Mayers,6076,53.51%,38.02%,0.48%,0.38%,2.50%,5.12%
5713,McClary,6070,55.88%,39.01%,0.44%,0.53%,2.14%,1.99%
5719,Marra,6065,90.77%,0.71%,2.18%,0.18%,0.74%,5.42%
5724,Mulkey,6061,87.91%,7.67%,0.63%,0.21%,1.75%,1.83%
5730,Maupin,6051,87.99%,5.69%,0.61%,1.27%,2.05%,2.40%
5746,Maes,6033,38.27%,0.68%,0.68%,0.98%,0.75%,58.64%
5752,Messenger,6022,93.32%,1.83%,0.55%,0.27%,1.39%,2.64%
5786,Maxfield,5987,89.73%,5.34%,0.48%,0.35%,1.90%,2.19%
5799,McLaren,5968,85.52%,9.48%,0.77%,0.18%,1.46%,2.58%
5807,McGinn,5955,95.82%,0.18%,0.59%,0.12%,1.29%,2.00%
5838,Marcotte,5923,94.41%,0.35%,0.66%,0.44%,1.59%,2.55%
5841,Mink,5922,93.16%,1.37%,1.00%,0.88%,1.81%,1.79%
5857,Malinowski,5895,96.06%,0.22%,0.56%,0.20%,1.12%,1.83%
5858,Markle,5893,93.94%,0.80%,0.64%,0.31%,1.82%,2.49%
5869,Maggio,5877,94.56%,0.24%,0.63%,0.14%,0.82%,3.62%
5875,Mustafa,5873,52.02%,14.85%,20.28%,0.15%,5.79%,6.91%
5892,McCaskill,5857,51.44%,44.10%,0.29%,0.48%,1.88%,1.81%
5892,Milliken,5857,90.95%,4.44%,0.67%,0.26%,1.83%,1.86%
5896,Mintz,5853,82.68%,12.20%,0.60%,0.46%,1.57%,2.49%
5908,Mincey,5839,45.11%,49.68%,0.38%,0.33%,2.38%,2.12%
5909,Marchant,5834,89.70%,1.59%,0.77%,0.50%,1.78%,5.66%
5917,McNamee,5825,91.67%,4.07%,0.55%,0.15%,1.63%,1.92%
5922,Montesdeoca,5820,3.69%,0.24%,0.24%,0.10%,0.09%,95.64%
5925,McClinton,5816,20.01%,74.05%,0.43%,0.10%,3.23%,2.17%
5940,Marble,5796,80.50%,13.54%,0.74%,1.10%,2.14%,1.97%
5947,McGriff,5789,32.16%,61.95%,0.28%,0.36%,2.88%,2.37%
5951,Meagher,5784,95.18%,0.48%,0.59%,0.12%,1.14%,2.49%
5956,Moats,5778,90.31%,4.67%,0.50%,0.48%,2.27%,1.77%
5958,Moniz,5775,78.32%,2.30%,4.52%,0.47%,6.84%,7.55%
5984,McGehee,5749,89.55%,4.80%,0.40%,1.46%,2.05%,1.74%
5996,McAuliffe,5733,96.04%,0.56%,0.52%,0.16%,0.80%,1.92%
6001,Meng,5729,30.93%,0.51%,57.01%,0.38%,1.05%,10.12%
6020,McEvoy,5713,95.29%,0.16%,0.40%,0.16%,1.31%,2.68%
6025,Madigan,5707,94.15%,0.42%,0.81%,0.61%,1.19%,2.82%
6031,Monreal,5698,9.04%,0.23%,1.46%,0.28%,0.14%,88.86%
6036,Magill,5692,94.17%,1.02%,0.70%,0.40%,0.97%,2.74%
6040,McCrory,5689,84.53%,10.18%,0.30%,1.11%,1.65%,2.23%
6041,MacMillan,5688,93.69%,1.79%,0.72%,0.23%,1.34%,2.23%
6052,Maravilla,5669,3.18%,0.25%,5.96%,0.12%,0.55%,89.95%
6063,Marrs,5658,90.31%,3.38%,0.53%,0.92%,2.33%,2.53%
6077,McLane,5640,87.30%,5.53%,0.87%,0.66%,2.18%,3.46%
6079,Mohammad,5639,37.44%,8.49%,42.26%,0.23%,9.17%,2.41%
6079,Munger,5639,93.19%,1.21%,1.05%,0.48%,2.23%,1.84%
6106,McComb,5616,84.54%,9.62%,0.66%,0.78%,1.87%,2.53%
6111,Matta,5610,49.36%,1.52%,7.75%,0.94%,1.44%,38.98%
6115,Milano,5609,87.93%,0.82%,2.23%,0.27%,0.73%,8.02%
6121,Marlin,5602,84.27%,8.35%,0.59%,0.66%,1.32%,4.80%
6140,MacPherson,5579,92.69%,0.81%,0.70%,0.47%,1.72%,3.62%
6151,Mitchel,5570,61.58%,29.57%,0.74%,1.15%,2.80%,4.17%
6153,Mao,5565,1.55%,1.01%,94.77%,(S),2.05%,(S)
6156,McCraw,5561,83.55%,11.85%,0.38%,0.54%,1.60%,2.09%
6169,Marriott,5547,84.50%,8.78%,0.76%,0.47%,1.86%,3.64%
6195,Mortimer,5521,87.00%,8.17%,0.58%,0.25%,1.83%,2.17%
6198,Matney,5518,94.13%,0.87%,0.45%,0.58%,1.79%,2.17%
6232,Mathieu,5483,65.33%,28.29%,0.82%,0.18%,2.08%,3.30%
6235,Mielke,5482,95.79%,0.33%,0.55%,0.46%,1.28%,1.61%
6258,McIver,5457,56.29%,38.57%,0.35%,0.40%,2.42%,1.96%
6260,Mapes,5456,92.89%,0.55%,0.64%,0.64%,1.72%,3.56%
6269,McCulley,5450,86.07%,8.09%,0.51%,1.30%,1.87%,2.15%
6286,Markey,5435,91.13%,4.16%,0.63%,0.40%,1.40%,2.28%
6288,Mader,5434,94.77%,0.85%,0.99%,0.26%,0.94%,2.19%
6291,Mizell,5429,80.88%,14.72%,0.50%,0.77%,1.64%,1.49%
6299,McArdle,5424,95.22%,0.26%,0.77%,0.26%,1.60%,1.88%
6332,Magallón,5387,3.51%,0.19%,1.60%,(S),(S),94.58%
6335,Mahmood,5384,15.25%,2.32%,75.56%,0.24%,4.98%,1.65%
6336,Monday,5379,81.15%,11.71%,1.02%,1.10%,2.08%,2.94%
6342,Mar,5375,12.71%,3.07%,49.13%,0.24%,4.48%,30.36%
6346,Mauricio,5371,12.18%,0.93%,9.79%,0.48%,1.43%,75.18%
6370,Mix,5344,80.84%,10.40%,0.80%,2.79%,2.13%,3.03%
6377,Mickens,5339,9.27%,84.79%,0.13%,0.28%,3.18%,2.34%
6381,McPhail,5333,78.74%,15.73%,0.49%,0.92%,1.67%,2.46%
6393,McMillin,5323,92.24%,1.69%,0.83%,0.68%,2.14%,2.42%
6402,McKean,5314,92.57%,1.04%,1.04%,0.73%,1.60%,3.03%
6409,Muncy,5308,94.50%,0.30%,0.49%,0.79%,1.60%,2.32%
6412,Moskowitz,5304,96.55%,0.47%,0.55%,0.11%,0.87%,1.45%
6416,Mick,5299,94.19%,0.85%,1.13%,0.34%,1.09%,2.40%
6434,Malavé,5278,8.26%,1.91%,0.45%,0.00%,0.27%,89.11%
6465,Mazariegos,5255,3.50%,0.36%,0.19%,0.00%,0.11%,95.83%
6498,Mahler,5222,93.28%,1.00%,1.00%,0.56%,1.42%,2.76%
6500,Marmolejo,5221,4.29%,0.15%,0.65%,0.19%,0.15%,94.56%
6511,Melgoza,5211,2.90%,0.13%,(S),0.19%,(S),96.62%
6521,Macy,5203,92.47%,0.79%,1.04%,0.73%,1.71%,3.27%
6531,Mallon,5188,92.21%,1.21%,1.04%,0.44%,1.23%,3.86%
6538,Manchester,5182,91.95%,3.24%,0.77%,0.37%,1.56%,2.10%
6539,Milian,5181,10.67%,2.24%,0.37%,(S),(S),86.49%
6555,Mak,5170,8.76%,0.44%,87.52%,0.15%,2.09%,1.03%
6565,MacGregor,5161,93.76%,0.76%,0.68%,0.35%,1.40%,3.06%
6574,McGough,5150,88.99%,4.43%,0.93%,0.31%,2.31%,3.03%
6576,McCandless,5149,93.57%,0.87%,0.95%,0.29%,1.75%,2.56%
6579,McCafferty,5147,94.33%,1.65%,0.54%,0.47%,0.97%,2.04%
6587,Matz,5143,93.37%,0.78%,0.82%,0.37%,1.42%,3.25%
6606,Marron,5129,45.23%,2.55%,2.16%,0.25%,0.80%,49.00%
6609,Majewski,5126,96.10%,(S),0.62%,(S),1.09%,1.83%
6613,Moralez,5120,6.88%,0.45%,0.33%,0.37%,0.31%,91.66%
6616,McMullin,5119,88.85%,5.12%,1.07%,0.72%,2.09%,2.15%
6640,Manion,5099,91.33%,2.41%,1.43%,0.45%,2.24%,2.14%
6640,Martinelli,5099,92.65%,0.33%,0.75%,0.14%,1.27%,4.86%
6651,Massaro,5089,94.07%,0.53%,0.43%,0.10%,0.69%,4.19%
6664,Maloy,5068,81.25%,12.63%,0.99%,0.89%,1.64%,2.60%
6681,Melson,5054,74.95%,18.66%,0.59%,1.11%,2.49%,2.20%
6681,Muth,5054,88.66%,0.49%,5.64%,0.24%,1.11%,3.86%
6688,Marcos,5052,19.42%,0.83%,15.08%,0.26%,1.46%,62.95%
6692,Mach,5047,62.67%,3.98%,28.85%,0.52%,1.45%,2.54%
6701,Messner,5039,96.13%,0.28%,0.69%,0.26%,0.99%,1.65%
6737,McShane,5006,89.63%,4.51%,1.44%,0.48%,2.18%,1.76%
6737,Martineau,5006,87.53%,3.60%,0.56%,2.12%,2.50%,3.70%
6744,McCown,5000,87.28%,7.46%,0.50%,0.32%,1.74%,2.70%
6752,McMinn,4993,93.87%,1.16%,0.50%,0.60%,1.48%,2.38%
6769,Musgrave,4982,92.27%,2.77%,0.52%,0.38%,1.41%,2.65%
6793,Mitchem,4965,77.68%,17.18%,0.42%,0.60%,2.52%,1.59%
6801,McKibben,4958,86.75%,7.36%,0.52%,1.07%,2.30%,2.00%
6825,Music,4940,95.59%,0.77%,0.36%,0.34%,1.23%,1.70%
6866,Mingo,4899,23.98%,65.14%,0.84%,2.80%,3.43%,3.82%
6908,Marti,4860,55.64%,1.03%,3.23%,0.16%,1.26%,38.68%
6918,Moorer,4849,22.56%,72.49%,0.31%,0.31%,2.33%,2.00%
6921,Marty,4848,80.69%,1.18%,2.37%,0.25%,0.83%,14.69%
6940,Mirza,4831,18.71%,0.54%,73.32%,0.19%,5.09%,2.15%
6961,Moyers,4818,94.06%,0.77%,0.46%,0.39%,1.22%,3.09%
6973,McComas,4812,94.35%,0.29%,0.58%,0.35%,1.43%,2.99%
6989,Mowry,4793,95.83%,0.48%,0.48%,0.27%,1.23%,1.71%
6989,Merriweather,4793,5.24%,88.52%,0.23%,0.27%,3.92%,1.82%
6995,Moorehead,4791,65.08%,28.51%,0.65%,0.81%,2.15%,2.80%
7008,Malek,4780,86.67%,2.03%,6.17%,0.15%,2.78%,2.20%
7016,Mayle,4773,74.73%,11.75%,0.38%,2.45%,9.55%,1.13%
7018,Melcher,4772,92.85%,0.67%,1.11%,0.50%,1.57%,3.29%
7052,Mapp,4749,20.99%,72.44%,0.40%,0.25%,3.75%,2.17%
7054,Montana,4744,56.68%,4.15%,2.13%,3.54%,1.48%,32.02%
7059,Maze,4742,76.36%,15.98%,0.91%,1.43%,2.17%,3.14%
7061,McAtee,4739,87.95%,6.58%,0.76%,0.49%,2.49%,1.73%
7068,Millen,4737,76.65%,18.37%,0.59%,0.27%,1.18%,2.93%
7071,Moten,4734,9.70%,79.87%,2.79%,0.27%,4.33%,3.04%
7074,Maynor,4732,57.29%,22.02%,0.32%,14.98%,2.75%,2.64%
7086,Metcalfe,4725,85.80%,7.87%,0.93%,0.34%,2.05%,3.01%
7096,Marsden,4718,91.08%,3.33%,0.70%,1.19%,1.72%,1.99%
7102,McAvoy,4715,95.59%,0.55%,0.59%,0.13%,1.36%,1.78%
7106,McCaslin,4709,91.87%,1.72%,0.42%,1.23%,1.49%,3.27%
7107,Miceli,4708,94.44%,0.47%,0.47%,0.23%,0.76%,3.63%
7110,Mattern,4705,95.20%,0.43%,0.43%,0.38%,1.13%,2.44%
7113,Meléndrez,4703,5.93%,(S),1.76%,0.47%,(S),91.41%
7124,Manis,4696,93.61%,1.45%,1.34%,0.43%,0.89%,2.28%
7126,Menefee,4695,57.72%,35.97%,0.60%,0.72%,2.90%,2.09%
7138,Millsap,4685,77.31%,17.40%,0.53%,0.96%,1.81%,1.99%
7148,Mullinax,4679,96.20%,0.53%,0.28%,0.43%,1.26%,1.30%
7162,Marcial,4670,5.22%,2.10%,4.48%,0.19%,0.60%,87.41%
7171,Moncrief,4665,71.43%,22.98%,0.71%,0.45%,2.17%,2.27%
7174,McLoughlin,4661,94.31%,0.49%,0.73%,0.24%,1.20%,3.03%
7187,Maley,4651,93.01%,1.63%,0.97%,0.34%,1.35%,2.69%
7198,Middlebrooks,4643,41.44%,54.06%,0.15%,0.69%,2.28%,1.38%
7207,Millet,4631,73.79%,11.55%,1.30%,0.37%,1.40%,11.60%
7209,Mendieta,4630,4.86%,0.15%,0.48%,(S),(S),94.32%
7211,Mellon,4628,90.60%,4.08%,0.73%,0.45%,1.06%,3.07%
7224,Medel,4620,10.97%,0.37%,3.81%,0.24%,0.52%,84.09%
7238,Melanson,4608,93.36%,2.13%,0.93%,0.33%,1.28%,1.97%
7243,MacFarlane,4605,93.22%,1.69%,0.72%,0.30%,1.43%,2.63%
7268,Maple,4585,75.33%,18.78%,0.52%,1.18%,2.38%,1.81%
7287,Maxson,4573,91.30%,2.67%,0.77%,0.96%,1.73%,2.58%
7287,McBroom,4573,82.66%,9.58%,0.39%,1.47%,2.60%,3.30%
7287,Mariani,4573,86.07%,1.27%,1.68%,0.24%,1.40%,9.34%
