Rank,Name,Count,White,Black,API,AIAN,2+ Races,Hispanic
1,Smith,2442977,70.90%,23.11%,0.50%,0.89%,2.19%,2.40%
36,Scott,439530,60.21%,32.92%,0.51%,1.18%,2.59%,2.58%
61,Stewart,324957,69.17%,24.86%,0.48%,0.77%,2.24%,2.49%
94,Sanders,230374,60.78%,32.97%,0.41%,0.84%,2.43%,2.57%
105,Sullivan,220990,87.73%,7.13%,0.60%,0.57%,1.59%,2.39%
135,Stevens,185674,81.44%,11.82%,0.64%,1.33%,2.04%,2.74%
158,Simpson,163181,70.78%,23.09%,0.53%,0.78%,2.30%,2.53%
164,Shaw,160400,72.07%,21.19%,1.48%,0.75%,2.15%,2.36%
165,Snyder,160262,94.07%,1.46%,0.59%,0.52%,1.45%,1.92%
178,Stone,153329,85.95%,8.13%,0.65%,0.95%,1.93%,2.39%
185,Schmidt,147034,95.15%,0.37%,0.61%,0.34%,1.19%,2.34%
190,Stephens,144646,73.90%,20.31%,0.46%,0.67%,2.12%,2.54%
199,Spencer,139951,69.41%,23.22%,0.76%,1.47%,2.48%,2.67%
297,Schultz,104888,94.81%,0.70%,0.59%,0.41%,1.28%,2.22%
312,Schneider,101290,95.35%,0.43%,0.59%,0.27%,1.20%,2.16%
321,Stanley,96867,78.79%,15.10%,0.74%,1.16%,1.95%,2.27%
341,Sutton,90964,72.77%,21.70%,0.48%,0.68%,2.24%,2.13%
344,Shelton,90517,73.49%,20.64%,0.47%,0.67%,2.50%,2.23%
345,Schwartz,90071,95.93%,0.44%,0.57%,0.21%,0.96%,1.89%
355,Steele,88230,78.25%,15.60%,0.53%,1.15%,2.02%,2.43%
397,Simon,80460,65.09%,22.51%,2.75%,0.67%,1.93%,7.06%
405,Sharp,78990,83.57%,10.56%,0.59%,1.02%,1.94%,2.33%
424,Swanson,76897,90.41%,4.80%,0.70%,0.46%,1.53%,2.10%
432,Stevenson,75169,63.44%,30.19%,0.63%,0.54%,2.50%,2.70%
469,Sherman,70502,82.74%,11.57%,0.63%,0.98%,1.75%,2.33%
476,Saunders,69943,67.39%,26.12%,0.57%,0.72%,2.57%,2.62%
489,Schroeder,67977,95.36%,0.32%,0.59%,0.49%,1.13%,2.11%
494,Strickland,67769,76.23%,17.16%,0.46%,2.15%,2.04%,1.97%
533,Sparks,63440,84.22%,10.43%,0.42%,0.74%,1.99%,2.21%
557,Shepherd,60479,78.64%,15.94%,0.54%,0.89%,1.95%,2.04%
560,Shaffer,59943,93.08%,2.54%,0.55%,0.40%,1.50%,1.92%
581,Short,57477,84.12%,10.24%,0.59%,0.86%,2.01%,2.18%
591,Summers,56953,78.93%,14.80%,0.54%,1.10%,2.29%,2.34%
627,Skinner,54046,79.34%,15.03%,0.48%,0.66%,1.96%,2.53%
651,Sweeney,52410,90.60%,4.76%,0.56%,0.39%,1.30%,2.38%
672,Shields,50832,75.83%,18.50%,0.64%,0.95%,1.90%,2.18%
690,Savage,49914,74.84%,19.57%,0.50%,0.80%,2.07%,2.22%
707,Sawyer,49028,80.83%,13.62%,0.71%,0.57%,1.99%,2.29%
733,Stephenson,47641,80.06%,13.96%,0.61%,0.69%,2.04%,2.65%
734,Snow,47528,85.00%,8.97%,0.61%,1.42%,2.05%,1.94%
747,Stafford,46394,79.14%,15.07%,0.48%,0.93%,2.16%,2.23%
752,Shannon,46147,75.16%,19.51%,0.54%,0.40%,2.03%,2.36%
760,Strong,45432,66.84%,25.83%,0.80%,1.45%,2.47%,2.60%
796,Stein,43389,94.40%,1.02%,0.70%,0.36%,1.16%,2.36%
798,Stout,43305,92.05%,2.29%,0.65%,0.89%,1.71%,2.42%
800,Sloan,43261,79.42%,13.85%,0.56%,1.84%,2.09%,2.25%
804,Sexton,43133,91.43%,3.64%,0.46%,0.74%,1.58%,2.14%
814,Sellers,42577,76.51%,17.84%,0.47%,1.04%,2.01%,2.13%
827,Stark,41735,92.48%,2.25%,0.58%,0.70%,1.53%,2.46%
830,Spears,41665,66.95%,26.34%,0.46%,1.56%,2.47%,2.23%
841,Schaefer,41063,95.05%,0.46%,0.68%,0.35%,1.31%,2.16%
861,Small,40212,62.66%,30.81%,0.58%,1.41%,1.93%,2.61%
882,Shepard,39430,76.74%,17.05%,0.55%,0.87%,2.16%,2.63%
886,Sampson,39277,60.21%,29.99%,0.66%,3.90%,2.43%,2.80%
938,Sheppard,36960,67.37%,26.79%,0.47%,0.78%,2.03%,2.56%
951,Stuart,36540,84.01%,9.88%,0.69%,0.58%,1.81%,3.03%
957,Sanford,36312,76.62%,17.78%,0.55%,0.66%,2.01%,2.39%
964,Spence,36129,72.23%,21.74%,0.61%,0.55%,2.13%,2.73%
967,Schmitt,36043,95.68%,0.21%,0.58%,0.36%,1.18%,1.99%
968,Stanton,35997,82.89%,11.56%,0.71%,0.59%,1.90%,2.36%
1048,Shea,33329,93.84%,0.52%,1.89%,0.26%,1.23%,2.25%
1075,Slater,32584,79.20%,15.15%,0.63%,0.75%,1.74%,2.53%
1085,Sears,32206,83.36%,10.95%,0.56%,0.84%,2.06%,2.23%
1088,Snider,32148,92.28%,2.93%,0.59%,0.67%,1.70%,1.83%
1107,Springer,31643,83.29%,10.68%,0.70%,0.76%,1.96%,2.61%
1133,Shoemaker,30934,93.56%,2.17%,0.52%,0.46%,1.39%,1.90%
1158,Starr,30363,83.39%,8.22%,0.59%,2.90%,2.24%,2.66%
1169,Sweet,30051,85.15%,8.41%,0.64%,0.88%,2.16%,2.77%
1195,Sutherland,29585,83.46%,9.94%,0.69%,1.05%,1.60%,3.24%
1226,Sharpe,28879,70.96%,23.71%,0.52%,0.36%,2.13%,2.32%
1251,Sorensen,28069,94.38%,0.28%,0.79%,0.33%,1.61%,2.61%
1265,Sargent,27786,86.41%,7.83%,0.49%,1.03%,1.95%,2.30%
1290,Sinclair,27243,73.01%,19.94%,0.66%,0.71%,1.88%,3.81%
1292,Shirley,27224,82.63%,9.10%,0.62%,3.33%,2.08%,2.23%
1305,Sheehan,26902,95.22%,0.20%,0.79%,0.25%,1.33%,2.21%
1317,Stinson,26681,70.77%,23.83%,0.48%,0.45%,2.18%,2.29%
1362,Sterling,25894,63.61%,28.49%,0.69%,0.49%,2.38%,4.35%
1366,Singer,25828,90.38%,2.09%,0.93%,2.58%,1.47%,2.56%
1371,Simons,25755,85.21%,8.65%,0.65%,0.54%,1.82%,3.13%
1379,Shafer,25641,94.16%,0.80%,0.78%,0.45%,1.61%,2.20%
1388,Smart,25528,72.84%,20.26%,0.69%,1.58%,2.15%,2.48%
1393,Swartz,25444,95.26%,0.53%,0.59%,0.44%,1.29%,1.88%
1394,Seymour,25436,82.59%,10.89%,0.67%,1.40%,1.95%,2.50%
1404,Schumacher,25292,95.71%,0.28%,0.60%,0.41%,1.26%,1.74%
1412,Swain,25157,66.17%,26.79%,1.22%,0.81%,2.40%,2.61%
1418,Stern,25074,93.69%,2.20%,0.67%,0.18%,1.16%,2.11%
1452,Schafer,24543,95.30%,0.32%,0.55%,0.36%,1.38%,2.08%
1455,Stover,24526,87.36%,7.49%,0.47%,0.88%,1.74%,2.06%
1461,Schulz,24385,95.29%,0.33%,0.66%,0.25%,1.23%,2.24%
1462,Sanderson,24384,85.69%,6.60%,0.60%,2.62%,2.18%,2.31%
1469,Shapiro,24335,96.05%,0.35%,0.73%,0.06%,1.05%,1.77%
1473,Swift,24249,78.16%,15.93%,0.57%,0.92%,2.01%,2.40%
1477,Stroud,24211,77.73%,16.93%,0.55%,0.63%,2.11%,2.05%
1496,Schmitz,23931,96.03%,0.30%,0.61%,0.27%,1.01%,1.78%
1511,Steiner,23735,94.64%,0.87%,0.64%,0.23%,1.20%,2.41%
1520,Self,23595,88.29%,5.51%,0.46%,1.36%,1.89%,2.49%
1563,Swenson,23009,95.49%,0.51%,0.66%,0.36%,1.33%,1.65%
1564,Swan,23001,79.17%,12.91%,0.92%,2.19%,2.39%,2.43%
1565,Stratton,22983,90.31%,4.65%,0.60%,0.48%,1.77%,2.19%
1584,Sprague,22610,93.62%,0.92%,0.62%,0.78%,1.61%,2.45%
1601,Souza,22373,80.98%,2.70%,3.09%,0.29%,5.02%,7.92%
1614,Sewell,22294,69.47%,24.23%,0.65%,0.64%,2.61%,2.40%
1619,Stahl,22211,95.22%,0.25%,0.61%,0.36%,1.25%,2.31%
1623,Sheridan,22177,91.14%,3.55%,0.62%,0.96%,1.44%,2.29%
1623,Snell,22177,75.29%,17.34%,0.60%,1.68%,1.98%,3.11%
1632,Silver,22052,80.33%,11.89%,0.84%,1.95%,1.89%,3.10%
1674,Siegel,21536,95.83%,0.38%,0.69%,0.14%,1.01%,1.95%
1678,Sadler,21504,80.20%,14.16%,0.58%,0.56%,1.99%,2.50%
1685,Sheets,21384,93.75%,1.55%,0.43%,0.51%,1.63%,2.13%
1685,Sherwood,21384,90.71%,2.94%,0.58%,1.06%,1.65%,3.06%
1689,Stiles,21357,90.83%,3.71%,0.52%,0.75%,1.83%,2.35%
1692,Stanford,21295,71.25%,23.04%,0.58%,0.61%,2.14%,2.38%
1702,Spivey,21161,67.93%,27.22%,0.39%,0.45%,2.13%,1.89%
1738,Schaffer,20614,92.55%,3.33%,0.49%,0.40%,1.19%,2.04%
1752,Sapp,20448,75.15%,20.31%,0.46%,0.56%,1.92%,1.60%
1781,Stubbs,20134,63.97%,29.60%,0.42%,0.58%,2.14%,3.29%
1783,Sizemore,20116,93.10%,2.30%,0.36%,0.85%,1.90%,1.49%
1805,Street,19866,74.06%,20.61%,0.45%,1.12%,2.04%,1.71%
1812,Smiley,19829,62.45%,30.74%,0.42%,1.89%,2.32%,2.18%
1817,Sheffield,19738,76.36%,18.80%,0.42%,0.77%,1.77%,1.88%
1831,Shipley,19563,91.72%,2.93%,0.51%,0.82%,1.72%,2.29%
1855,Sheldon,19339,90.74%,1.84%,0.87%,1.60%,2.37%,2.58%
1867,Story,19218,83.27%,11.42%,0.38%,0.63%,1.74%,2.55%
1891,Stacy,19010,89.58%,4.68%,0.63%,1.13%,2.13%,1.85%
1899,Spaulding,18902,83.60%,9.21%,0.76%,1.77%,2.35%,2.31%
1901,Sylvester,18896,72.96%,20.72%,0.91%,0.83%,1.93%,2.65%
1909,Sumner,18838,87.80%,6.51%,0.66%,0.99%,1.83%,2.21%
1926,Smallwood,18717,68.67%,25.11%,0.43%,1.07%,2.54%,2.17%
1940,Spangler,18622,95.05%,0.74%,0.56%,0.31%,1.57%,1.76%
1944,Sands,18584,80.05%,13.01%,0.65%,1.29%,1.87%,3.13%
1951,Spicer,18501,82.21%,12.69%,0.41%,0.61%,1.97%,2.12%
1973,Stapleton,18332,84.93%,9.56%,0.40%,0.56%,1.88%,2.67%
1998,Staley,18080,82.57%,12.55%,0.62%,0.71%,1.66%,1.89%
2028,Skaggs,17778,92.95%,1.51%,0.43%,0.79%,2.14%,2.19%
2033,Shearer,17707,91.71%,3.48%,0.70%,0.41%,1.48%,2.23%
2080,Shultz,17395,94.94%,0.72%,0.72%,0.27%,1.47%,1.87%
2088,Schuster,17325,94.49%,0.61%,1.06%,0.50%,1.12%,2.22%
2091,Stringer,17300,75.75%,19.42%,0.45%,0.38%,2.05%,1.95%
2093,Stallings,17269,70.86%,23.94%,0.32%,0.50%,2.06%,2.31%
2104,Staples,17217,71.96%,21.39%,0.67%,1.59%,2.40%,2.00%
2135,Shaver,16972,91.21%,3.88%,0.58%,0.55%,1.61%,2.16%
2152,Schwab,16870,95.55%,0.27%,0.63%,0.31%,1.14%,2.09%
2171,Schrader,16727,95.46%,0.33%,0.50%,0.44%,1.20%,2.07%
2183,Schulte,16658,95.88%,0.19%,0.61%,0.19%,1.14%,1.99%
2200,Schilling,16546,94.77%,0.32%,0.68%,0.42%,1.51%,2.30%
2246,Stoner,16204,91.13%,4.38%,0.48%,0.60%,1.44%,1.97%
2262,Shook,16070,94.50%,0.86%,0.57%,0.70%,1.61%,1.77%
2269,Schreiber,16034,95.75%,0.25%,0.52%,0.30%,1.05%,2.13%
2272,Schaeffer,16024,92.84%,1.65%,0.62%,1.07%,1.26%,2.56%
2275,Sams,16014,74.66%,19.47%,0.56%,0.82%,2.30%,2.19%
2276,Saylor,16010,92.94%,2.72%,0.39%,0.56%,1.40%,1.99%
2284,Sorenson,15962,94.76%,0.41%,0.64%,0.54%,1.59%,2.06%
2295,Schwarz,15884,94.26%,0.26%,0.71%,0.18%,1.35%,3.23%
2303,St. John,15843,86.41%,5.66%,0.66%,2.25%,1.69%,3.34%
2307,Stauffer,15821,96.04%,0.17%,0.46%,0.32%,1.22%,1.79%
2310,Scruggs,15808,60.91%,34.07%,0.37%,0.39%,2.34%,1.94%
2311,Stoltzfus,15786,99.00%,0.10%,0.10%,0.10%,0.23%,0.48%
2330,Skelton,15624,88.33%,6.23%,0.74%,0.60%,1.97%,2.13%
2339,Shipman,15581,79.58%,14.79%,0.47%,0.92%,1.99%,2.25%
2364,Sauer,15430,94.92%,0.43%,0.80%,0.20%,1.32%,2.33%
2370,Sousa,15377,89.11%,1.65%,0.86%,0.25%,1.43%,6.70%
2415,Starkey,15004,88.28%,6.35%,0.63%,0.80%,1.79%,2.15%
2425,Strange,14948,82.36%,12.90%,0.48%,0.56%,1.57%,2.12%
2448,Schuler,14745,92.17%,2.86%,0.84%,0.55%,1.53%,2.05%
2462,Salter,14641,69.76%,24.94%,0.55%,0.77%,2.09%,1.89%
2463,Silverman,14636,95.09%,0.81%,0.88%,0.11%,1.09%,2.02%
2469,St. Clair,14590,84.73%,8.12%,0.41%,2.23%,2.06%,2.45%
2479,Stearns,14554,90.99%,3.00%,0.71%,0.76%,1.76%,2.78%
2486,Salmon,14511,69.37%,17.17%,1.47%,0.47%,2.06%,9.45%
2507,Starnes,14442,87.94%,7.81%,0.44%,0.46%,1.34%,2.00%
2514,Staton,14413,65.77%,29.16%,0.43%,0.57%,2.08%,1.98%
2531,Stoddard,14317,91.71%,3.31%,0.58%,0.39%,1.79%,2.22%
2533,Shelley,14300,85.02%,9.74%,0.66%,0.83%,1.69%,2.05%
2539,Stump,14257,93.65%,0.74%,0.51%,1.74%,1.42%,1.94%
2573,Seay,14046,66.84%,27.84%,0.38%,0.58%,2.66%,1.69%
2574,Squires,14045,88.80%,5.96%,0.64%,0.55%,1.77%,2.29%
2577,Satterfield,14023,83.37%,11.20%,0.47%,0.85%,2.08%,2.04%
2604,Strauss,13840,93.34%,1.53%,0.77%,0.30%,1.10%,2.96%
2635,Storey,13669,84.12%,10.10%,0.60%,0.72%,1.58%,2.87%
2640,Sherrill,13631,81.21%,11.81%,2.16%,0.67%,2.13%,2.01%
2666,Stamper,13528,89.81%,5.29%,0.50%,0.95%,1.67%,1.77%
2682,Scherer,13421,95.13%,0.42%,0.66%,0.35%,1.20%,2.24%
2692,Slack,13377,82.95%,11.62%,0.52%,0.42%,1.85%,2.65%
2696,Shell,13369,75.17%,18.48%,0.78%,1.22%,2.15%,2.20%
2700,Shank,13343,91.97%,2.77%,1.57%,0.48%,1.04%,2.16%
2709,Stockton,13306,84.56%,8.62%,0.37%,0.86%,2.47%,3.13%
2712,Spear,13284,86.89%,7.40%,0.49%,0.78%,1.94%,2.50%
2719,Seaman,13237,92.27%,1.56%,0.97%,0.55%,1.89%,2.76%
2768,Salisbury,13038,91.41%,3.17%,0.65%,0.52%,1.85%,2.40%
2773,Schell,13016,93.12%,1.65%,0.68%,0.55%,1.58%,2.42%
2776,Steen,12989,82.16%,12.58%,0.46%,0.69%,1.87%,2.23%
2818,Snodgrass,12806,93.43%,2.06%,0.43%,0.59%,1.52%,1.96%
2822,Schofield,12790,87.95%,6.66%,0.59%,0.69%,1.58%,2.53%
2832,Stock,12722,94.91%,0.55%,0.54%,0.36%,1.50%,2.14%
2841,Steinberg,12709,95.32%,0.52%,0.79%,0.16%,0.97%,2.25%
2855,Seitz,12630,95.67%,0.36%,0.67%,0.33%,1.13%,1.84%
2856,Schubert,12629,93.92%,0.31%,0.78%,0.37%,1.43%,3.20%
2861,Slade,12599,64.27%,29.53%,0.80%,0.26%,2.58%,2.55%
2877,Shockley,12504,83.36%,11.56%,0.38%,0.58%,2.22%,1.89%
2901,Sisk,12365,90.77%,3.53%,0.36%,1.23%,1.65%,2.45%
2904,Still,12354,80.14%,13.23%,0.45%,1.52%,2.47%,2.19%
2916,Swann,12293,67.02%,26.23%,0.62%,1.04%,2.81%,2.28%
2925,Scarborough,12252,80.44%,14.85%,0.38%,0.60%,1.51%,2.22%
2956,Slone,12142,94.14%,1.87%,0.69%,0.56%,1.50%,1.24%
2957,Spurlock,12141,82.18%,13.08%,0.37%,0.42%,1.95%,2.00%
2979,Stoll,12032,94.00%,0.94%,0.77%,0.49%,1.48%,2.32%
2987,Streeter,11988,65.22%,29.18%,0.48%,0.48%,2.19%,2.46%
2996,Stack,11967,92.70%,1.79%,0.82%,0.36%,1.57%,2.76%
3008,Selby,11908,81.23%,13.34%,0.56%,0.60%,1.97%,2.29%
3026,Stuckey,11846,67.01%,28.41%,0.35%,0.57%,1.92%,1.73%
3031,Shanks,11822,78.10%,16.05%,0.62%,0.75%,2.17%,2.31%
3041,Speer,11770,91.64%,1.78%,0.59%,0.61%,1.74%,3.64%
3055,Smalley,11737,84.84%,9.42%,0.55%,0.80%,2.01%,2.38%
3063,Sommers,11706,93.82%,1.67%,0.53%,0.50%,1.54%,1.94%
3069,Soares,11694,74.30%,8.41%,4.14%,0.37%,4.73%,8.06%
3080,Sommer,11662,94.67%,0.28%,0.73%,0.63%,1.29%,2.40%
3093,Spain,11628,73.07%,20.06%,0.64%,1.01%,2.46%,2.74%
3101,Scanlon,11610,95.41%,0.42%,0.75%,0.22%,1.11%,2.09%
3107,Simpkins,11585,64.80%,30.10%,0.41%,0.42%,2.43%,1.84%
3130,Shackelford,11525,77.31%,17.11%,0.51%,0.90%,2.13%,2.03%
3144,Steffen,11494,95.58%,0.30%,0.71%,0.23%,1.24%,1.93%
3150,Sample,11471,68.43%,25.25%,0.66%,0.46%,2.44%,2.75%
3165,Schmid,11400,95.47%,0.23%,0.84%,0.36%,1.15%,1.95%
3177,Sisson,11380,90.48%,4.16%,0.59%,0.77%,1.92%,2.07%
3195,Shuler,11315,69.76%,26.02%,0.38%,0.54%,1.51%,1.79%
3215,Stanfield,11229,80.47%,13.97%,0.61%,0.47%,1.97%,2.50%
3219,Shipp,11217,69.70%,24.79%,0.54%,0.64%,2.12%,2.20%
3222,Sage,11207,89.42%,1.53%,0.85%,3.23%,1.96%,3.02%
3231,South,11178,88.15%,6.03%,0.87%,0.49%,1.87%,2.59%
3246,Samson,11123,62.88%,9.00%,20.72%,0.76%,3.39%,3.25%
3248,Switzer,11114,90.96%,3.65%,0.67%,0.43%,1.66%,2.63%
3264,Seeley,11061,92.43%,1.87%,0.68%,0.93%,1.98%,2.11%
3265,Strand,11051,90.32%,4.94%,0.59%,0.43%,1.62%,2.10%
3280,Sell,11014,95.05%,0.64%,0.95%,0.39%,1.00%,1.96%
3310,Skidmore,10841,92.55%,2.14%,0.43%,1.53%,1.35%,2.00%
3312,Seibert,10826,95.10%,1.05%,0.56%,0.25%,1.03%,2.00%
3333,Somers,10762,91.29%,2.56%,1.25%,0.46%,1.58%,2.85%
3355,Stowe,10668,84.15%,10.25%,0.64%,0.54%,1.84%,2.58%
3376,Stepp,10571,90.40%,4.76%,0.40%,0.86%,1.89%,1.69%
3386,Schrock,10549,95.94%,0.62%,0.37%,0.47%,1.20%,1.39%
3390,Sager,10541,92.54%,2.12%,1.32%,0.33%,1.72%,1.97%
3407,Snead,10500,62.78%,31.21%,0.51%,0.85%,2.70%,1.95%
3408,Seifert,10499,95.32%,0.34%,0.59%,0.13%,1.10%,2.51%
3430,Seward,10399,74.66%,19.67%,0.59%,0.55%,2.54%,2.00%
3436,Severson,10391,93.57%,1.34%,0.82%,0.57%,1.41%,2.29%
3457,Skipper,10338,77.29%,18.03%,0.42%,0.53%,1.88%,1.86%
3475,Sikes,10280,91.59%,3.44%,0.42%,0.72%,1.40%,2.43%
3484,Steed,10250,76.08%,17.46%,2.10%,0.60%,1.68%,2.08%
3490,Searcy,10243,64.21%,29.63%,0.38%,0.26%,2.66%,2.86%
3504,Sowers,10198,92.65%,2.80%,0.48%,0.38%,1.62%,2.07%
3523,Shore,10130,93.27%,1.95%,0.80%,0.79%,1.35%,1.84%
3544,Schweitzer,10068,95.45%,0.26%,0.72%,0.37%,1.26%,1.95%
3558,Sanborn,10025,93.77%,0.53%,1.26%,0.58%,2.02%,1.85%
3567,Starling,10004,68.44%,26.75%,0.37%,0.67%,1.77%,2.00%
3573,Stine,9979,93.90%,1.43%,0.54%,0.57%,1.47%,2.08%
3585,Stephen,9925,61.82%,24.04%,8.63%,0.56%,2.24%,2.70%
3596,Storm,9895,93.17%,1.13%,0.54%,1.07%,1.98%,2.11%
3607,Schott,9842,95.19%,0.38%,0.45%,0.26%,1.36%,2.36%
3624,Schindler,9801,95.33%,0.20%,0.65%,0.93%,1.05%,1.84%
3640,Sutter,9760,93.02%,1.56%,0.65%,0.55%,1.47%,2.76%
3682,Saleh,9656,76.87%,4.66%,5.20%,0.06%,9.01%,4.19%
3685,St. Pierre,9638,89.98%,4.41%,0.37%,1.90%,1.62%,1.72%
3691,Straub,9624,95.45%,0.86%,0.54%,0.25%,1.26%,1.64%
3696,Sowell,9612,62.41%,32.25%,0.31%,0.34%,2.34%,2.34%
3710,Shull,9565,94.61%,0.78%,0.48%,0.38%,1.45%,2.30%
3720,Stacey,9520,88.96%,4.93%,0.49%,1.25%,1.71%,2.66%
3724,Staggs,9514,92.42%,1.82%,0.53%,0.98%,1.77%,2.49%
3726,Saxton,9509,78.19%,15.81%,0.55%,0.58%,2.27%,2.61%
3732,Scroggins,9495,72.20%,20.66%,0.35%,1.22%,2.61%,2.96%
3741,Smyth,9470,91.89%,2.84%,0.62%,0.33%,1.38%,2.94%
3742,Sibley,9467,75.41%,19.99%,0.46%,0.51%,2.03%,1.61%
3751,Salerno,9440,92.67%,0.35%,0.48%,0.11%,1.26%,5.14%
3754,Swisher,9431,93.78%,1.36%,0.52%,0.47%,1.40%,2.48%
3759,Seaton,9423,78.72%,14.27%,0.44%,1.77%,2.01%,2.79%
3777,Swafford,9369,87.19%,7.60%,0.50%,0.72%,2.07%,1.92%
3787,Scholl,9351,96.12%,0.25%,0.58%,0.35%,1.19%,1.52%
3792,Stull,9324,94.12%,1.65%,0.56%,0.40%,1.32%,1.95%
3797,Seal,9316,91.04%,2.25%,2.08%,0.88%,1.67%,2.07%
3832,Sturm,9242,95.30%,0.41%,0.45%,0.47%,1.46%,1.90%
3843,Shay,9212,88.76%,2.30%,3.20%,2.14%,1.41%,2.18%
3856,Sweat,9194,74.69%,18.85%,0.33%,1.94%,2.19%,2.01%
3862,Stutzman,9185,97.20%,0.21%,0.36%,0.19%,0.81%,1.24%
3868,Smoot,9168,66.24%,28.72%,0.52%,0.46%,2.55%,1.51%
3877,Strom,9142,93.47%,1.40%,1.04%,0.79%,1.35%,1.96%
3884,Schiller,9132,94.89%,0.47%,0.95%,0.31%,1.27%,2.11%
3899,Slocum,9102,85.89%,9.28%,0.49%,0.42%,1.81%,2.10%
3900,Smail,9097,66.48%,27.50%,0.49%,0.60%,2.46%,2.45%
3906,Sander,9090,87.73%,5.78%,1.28%,0.39%,1.55%,3.28%
3911,See,9081,73.59%,1.68%,19.51%,0.75%,2.00%,2.46%
3937,Shuman,9043,87.92%,6.34%,2.00%,0.43%,1.42%,1.89%
3950,Sturgeon,9007,90.40%,2.42%,0.89%,0.69%,1.68%,3.93%
3956,Sigler,8992,82.86%,8.90%,0.58%,0.33%,1.42%,5.91%
3965,Simonson,8968,93.08%,1.47%,0.72%,0.83%,1.55%,2.35%
3992,Sabo,8899,94.58%,0.45%,1.01%,0.33%,0.96%,2.67%
3999,Strain,8883,87.07%,7.93%,0.56%,0.68%,1.78%,1.99%
4002,Stubblefield,8878,72.32%,21.68%,0.35%,0.77%,1.98%,2.89%
4035,Southard,8808,92.93%,1.78%,0.48%,0.90%,1.74%,2.18%
4044,Showalter,8786,95.15%,0.93%,0.57%,0.59%,1.21%,1.55%
4053,Spring,8757,90.21%,3.30%,0.81%,1.15%,1.77%,2.75%
4059,Szymanski,8748,96.86%,0.23%,0.45%,0.19%,0.71%,1.57%
4060,Scully,8747,93.61%,2.06%,0.62%,0.16%,1.38%,2.17%
4076,Santoro,8713,92.86%,0.24%,0.73%,0.10%,0.92%,5.14%
4082,Slattery,8695,95.83%,0.24%,0.46%,0.23%,1.08%,2.16%
4099,Samples,8663,87.75%,7.45%,0.36%,0.51%,1.74%,2.19%
4104,Sorrell,8641,76.43%,16.28%,0.41%,2.56%,2.30%,2.03%
4110,Sells,8633,80.46%,10.04%,0.47%,3.54%,2.71%,2.77%
4119,Shanahan,8616,94.82%,0.24%,1.02%,0.19%,1.20%,2.53%
4125,Spalding,8601,88.16%,6.01%,0.62%,0.90%,1.81%,2.50%
4135,Slagle,8573,95.07%,0.27%,0.55%,0.41%,1.24%,2.47%
4147,Shifflett,8544,95.80%,0.63%,0.36%,0.29%,1.42%,1.50%
4163,Sharkey,8514,87.32%,7.48%,0.69%,0.81%,1.39%,2.31%
4164,Schulze,8509,95.05%,0.41%,0.59%,0.28%,1.32%,2.35%
4165,Shumaker,8508,93.91%,2.94%,0.41%,0.18%,1.27%,1.29%
4196,Sturgill,8444,95.76%,0.56%,0.30%,0.52%,1.47%,1.40%
4204,Seidel,8430,95.41%,0.17%,0.59%,0.44%,1.26%,2.14%
4205,Snipes,8428,63.57%,32.14%,0.37%,0.32%,1.90%,1.70%
4206,Sandlin,8421,91.88%,3.57%,0.36%,0.78%,1.38%,2.03%
4210,Sandberg,8416,95.13%,0.24%,0.72%,0.46%,1.35%,2.09%
4211,Swope,8415,90.17%,4.71%,0.78%,0.50%,1.79%,2.04%
4215,Salem,8404,79.11%,4.18%,6.09%,0.25%,4.70%,5.68%
4252,Southerland,8336,77.53%,16.46%,0.46%,1.07%,2.27%,2.22%
4256,Siler,8327,75.08%,19.65%,0.49%,0.32%,1.98%,2.47%
4256,Scarbrough,8327,85.47%,10.10%,0.32%,0.68%,1.73%,1.69%
4276,Shumate,8311,86.82%,8.84%,0.58%,0.46%,1.55%,1.74%
4282,Scoggins,8302,85.16%,9.13%,0.59%,0.98%,1.89%,2.25%
4319,Sprouse,8229,93.88%,2.11%,0.36%,0.32%,1.47%,1.86%
4329,Settle,8202,82.69%,10.78%,0.62%,0.49%,1.98%,3.45%
4334,Sides,8194,91.31%,3.86%,0.48%,0.54%,1.64%,2.18%
4344,Seiler,8170,94.81%,0.50%,0.53%,0.27%,1.47%,2.42%
4352,Sammons,8161,89.43%,5.54%,0.44%,1.04%,1.62%,1.94%
4359,Schreiner,8152,95.50%,0.17%,0.69%,0.34%,1.05%,2.24%
4363,Stinnett,8142,88.65%,6.18%,0.53%,0.69%,2.01%,1.94%
4365,Schoen,8140,95.63%,0.64%,0.71%,0.43%,1.01%,1.58%
4374,Strunk,8129,96.28%,0.27%,0.27%,0.33%,1.32%,1.53%
4424,Shinn,8038,83.53%,4.83%,6.37%,0.78%,1.97%,2.53%
4426,Steinmetz,8032,95.65%,0.31%,0.51%,0.21%,1.10%,2.22%
4440,Sisco,7993,84.65%,7.58%,0.64%,1.33%,2.40%,3.40%
4449,Sayre,7973,94.31%,0.54%,0.69%,0.34%,1.19%,2.93%
4451,Segal,7972,92.32%,1.29%,1.63%,0.29%,1.48%,2.99%
4506,Swearingen,7872,91.02%,2.76%,0.46%,0.77%,2.10%,2.90%
4522,Stephan,7840,93.48%,1.10%,0.80%,1.12%,1.24%,2.26%
4526,Swank,7832,94.32%,0.60%,0.64%,0.54%,1.60%,2.31%
4532,Samuelson,7824,94.11%,0.45%,0.77%,1.51%,1.33%,1.84%
4569,Sperry,7760,94.54%,0.49%,0.70%,0.50%,1.44%,2.33%
4573,Schoonover,7756,95.06%,0.27%,0.49%,0.52%,1.43%,2.23%
4587,Southern,7738,81.79%,12.61%,0.49%,0.88%,2.05%,2.17%
4603,Sayers,7705,86.46%,4.92%,0.73%,2.91%,1.96%,3.02%
4613,Shores,7691,86.45%,6.57%,0.74%,1.00%,2.46%,2.78%
4619,Szabó,7678,95.00%,0.30%,0.63%,0.20%,1.17%,2.71%
4637,Schenk,7651,94.45%,0.67%,0.77%,0.34%,1.66%,2.12%
4645,Steadman,7642,82.83%,12.61%,0.44%,0.41%,1.36%,2.34%
4650,Stroup,7627,95.49%,0.42%,0.35%,0.50%,1.38%,1.86%
4650,Spellman,7627,73.08%,21.54%,0.45%,0.33%,1.87%,2.73%
4657,Sparrow,7614,69.48%,25.23%,0.62%,0.51%,2.17%,2.00%
4661,Sparkman,7607,78.90%,15.39%,0.42%,0.93%,2.06%,2.29%
4664,Silvers,7602,90.65%,4.14%,0.41%,0.55%,1.71%,2.54%
4671,Sessions,7593,79.81%,14.79%,0.67%,0.53%,1.88%,2.32%
4672,Spires,7592,83.98%,11.53%,0.38%,0.59%,1.83%,1.69%
4684,Stidham,7579,93.96%,1.44%,0.20%,0.96%,1.73%,1.72%
4685,Saxon,7576,75.71%,14.30%,2.32%,0.67%,2.22%,4.78%
4705,Schramm,7543,94.83%,0.44%,0.89%,0.36%,1.50%,1.99%
4747,Schlegel,7461,95.23%,0.29%,0.56%,0.36%,1.26%,2.29%
4754,Shirk,7448,95.56%,1.21%,0.64%,0.13%,1.02%,1.44%
4756,Smothers,7444,68.07%,27.83%,0.39%,0.40%,2.00%,1.30%
4761,Stegall,7439,78.53%,17.29%,0.28%,0.39%,1.51%,2.00%
4796,Shane,7372,85.87%,5.20%,1.38%,1.79%,2.62%,3.15%
4802,Spooner,7359,84.02%,9.69%,0.52%,0.41%,2.35%,3.02%
4806,Spradlin,7356,94.51%,0.64%,0.64%,0.94%,1.41%,1.86%
4845,Sasser,7272,87.39%,7.96%,0.43%,0.48%,1.62%,2.12%
4846,Sherry,7271,92.08%,2.24%,1.36%,0.36%,1.84%,2.12%
4866,Sachs,7248,94.30%,0.62%,0.97%,0.12%,1.01%,2.98%
4878,Simone,7221,90.72%,2.65%,0.72%,0.14%,1.45%,4.32%
4883,Stillwell,7211,88.00%,6.82%,0.58%,0.93%,1.44%,2.22%
4892,Schlosser,7203,95.46%,0.42%,0.43%,0.44%,1.18%,2.07%
4910,Strother,7170,63.64%,29.18%,0.50%,0.92%,3.15%,2.61%
4919,Shade,7148,76.04%,17.24%,0.67%,1.78%,2.31%,1.97%
4926,Snook,7141,95.13%,0.43%,0.43%,0.63%,1.71%,1.67%
4949,Steel,7111,79.17%,13.81%,0.72%,0.87%,2.18%,3.25%
4969,Slayton,7069,81.21%,12.90%,0.47%,0.81%,1.92%,2.69%
4981,Spurgeon,7047,88.15%,5.66%,0.54%,0.85%,1.86%,2.94%
4981,Saul,7047,80.89%,8.85%,2.06%,1.66%,2.00%,4.54%
4995,Sipes,7034,93.57%,1.48%,0.58%,0.58%,1.45%,2.33%
5002,Spitzer,7027,96.04%,0.23%,0.60%,0.23%,1.04%,1.86%
5018,Shively,7000,93.83%,2.29%,0.54%,0.36%,1.13%,1.86%
5032,Smithson,6978,88.68%,6.69%,0.53%,0.85%,1.53%,1.72%
5051,Sacco,6942,94.64%,0.36%,0.75%,0.30%,0.97%,2.98%
5059,Siebert,6932,93.83%,2.14%,1.00%,0.29%,1.14%,1.62%
5062,Sallee,6929,79.51%,5.07%,10.00%,1.05%,2.06%,2.31%
5064,Salyer,6926,94.86%,0.65%,0.43%,0.49%,1.54%,2.02%
5082,Stoker,6888,86.95%,7.42%,1.00%,0.49%,1.45%,2.69%
5105,Shephard,6859,62.24%,30.06%,0.44%,1.08%,2.64%,3.54%
5109,Shrader,6855,94.87%,0.63%,0.42%,0.35%,1.39%,2.35%
5113,Styles,6847,62.79%,32.66%,0.26%,0.20%,1.84%,2.25%
5160,Sarver,6780,92.24%,3.10%,0.83%,0.32%,1.53%,1.98%
5162,Schumann,6777,94.23%,0.71%,0.77%,0.19%,1.20%,2.91%
5171,Sills,6761,79.71%,13.53%,0.75%,0.40%,2.09%,3.52%
5199,Somerville,6721,67.55%,28.03%,0.48%,0.45%,1.70%,1.80%
5208,Schnell,6708,95.50%,0.61%,0.57%,0.10%,1.21%,2.01%
5215,Stott,6693,90.44%,4.68%,0.78%,0.52%,1.54%,2.05%
5234,Stockwell,6664,93.83%,0.54%,1.04%,0.26%,1.85%,2.49%
5239,Stowers,6657,72.21%,20.02%,1.71%,0.54%,3.33%,2.18%
5300,Silverstein,6576,94.59%,0.36%,0.99%,0.08%,1.22%,2.77%
5310,Stocker,6561,88.72%,7.47%,0.61%,0.24%,1.13%,1.83%
5311,Scribner,6558,89.51%,3.78%,0.90%,0.90%,1.66%,3.25%
5352,Strait,6505,89.92%,4.86%,0.57%,0.68%,1.71%,2.28%
5364,Sauls,6490,73.04%,22.50%,0.28%,0.52%,1.71%,1.96%
5367,Saucier,6489,89.09%,6.23%,0.35%,0.69%,1.62%,2.02%
5371,Stebbins,6484,92.87%,1.99%,0.48%,0.54%,1.84%,2.28%
5390,Stowell,6455,92.44%,2.43%,0.74%,0.26%,2.03%,2.09%
5420,Soper,6421,94.74%,0.47%,0.37%,0.73%,1.51%,2.18%
5460,Soule,6372,92.22%,2.06%,0.97%,0.47%,1.66%,2.62%
5488,Spiegel,6338,95.36%,0.41%,0.44%,0.19%,1.63%,1.97%
5503,Shreve,6321,93.80%,1.42%,0.43%,0.43%,1.77%,2.15%
5521,Speck,6297,94.09%,0.70%,0.59%,1.14%,1.14%,2.33%
5545,Silveira,6267,79.91%,2.58%,1.60%,0.26%,1.82%,13.83%
5549,Sprinkle,6265,90.89%,5.20%,0.46%,0.32%,1.55%,1.58%
5553,Schatz,6261,95.61%,0.32%,0.88%,0.21%,1.42%,1.57%
5568,Schenck,6245,86.97%,7.59%,0.66%,0.46%,1.79%,2.53%
5576,Sellars,6232,75.64%,18.57%,0.39%,1.11%,2.57%,1.73%
5583,Stockman,6226,91.57%,3.50%,0.35%,0.56%,1.48%,2.54%
5627,Searles,6178,78.60%,15.64%,0.50%,0.55%,2.62%,2.09%
5629,Stumpf,6173,95.09%,0.26%,0.73%,0.26%,1.21%,2.45%
5630,Strader,6172,89.78%,5.59%,0.24%,0.60%,1.86%,1.93%
5645,Salyers,6152,95.06%,0.68%,0.36%,0.50%,1.74%,1.66%
5655,Stilwell,6138,94.13%,0.54%,0.52%,0.98%,1.66%,2.17%
5672,Shaughnessy,6117,96.22%,0.18%,0.64%,0.11%,0.92%,1.93%
5674,Serra,6114,67.19%,0.69%,2.76%,0.08%,0.75%,28.52%
5685,Strobel,6097,95.57%,0.41%,0.62%,0.39%,1.15%,1.85%
5702,Strickler,6079,94.77%,0.67%,0.61%,0.67%,1.60%,1.68%
5715,Sonnier,6068,75.51%,20.15%,0.41%,0.36%,1.52%,2.04%
5731,Scofield,6048,91.65%,2.83%,0.83%,0.40%,1.79%,2.51%
5749,Schaub,6027,95.77%,0.40%,0.48%,0.35%,0.90%,2.11%
5757,Shirey,6020,95.61%,0.42%,0.43%,0.53%,1.23%,1.78%
5791,Sipe,5974,94.31%,0.37%,0.90%,0.44%,2.19%,1.79%
5796,Slate,5969,87.87%,5.19%,0.62%,1.16%,2.35%,2.81%
5801,Schick,5967,96.08%,0.20%,0.57%,0.34%,1.11%,1.71%
5804,Sadowski,5965,95.39%,0.27%,0.59%,0.15%,1.36%,2.25%
5813,Stitt,5946,76.66%,17.98%,0.59%,0.44%,2.25%,2.09%
5817,Shriver,5942,95.34%,0.24%,0.45%,0.42%,1.72%,1.83%
5843,Sorrells,5921,78.03%,16.06%,0.35%,1.11%,2.14%,2.30%
5847,Stoltz,5912,95.30%,0.29%,0.78%,0.22%,0.96%,2.45%
5863,Sturgis,5885,66.49%,28.85%,0.53%,0.17%,1.99%,1.97%
5873,Schaller,5875,95.13%,0.49%,0.66%,0.46%,1.40%,1.86%
5881,Spinks,5868,69.14%,24.74%,0.36%,0.66%,2.40%,2.69%
5888,Shupe,5861,95.33%,0.31%,0.49%,0.22%,1.40%,2.25%
5905,Seale,5846,85.46%,8.40%,0.75%,0.62%,1.69%,3.08%
5906,Stackhouse,5844,68.62%,26.35%,0.36%,0.48%,1.97%,2.22%
5914,Sandy,5826,76.35%,14.61%,2.09%,1.22%,1.97%,3.76%
5949,Sandifer,5786,60.09%,34.79%,0.21%,0.29%,2.28%,2.33%
5958,Stambaugh,5775,94.94%,0.21%,0.73%,0.36%,1.56%,2.20%
5964,Schuman,5770,93.29%,0.88%,0.66%,0.88%,1.77%,2.51%
5973,Sigmon,5760,94.81%,2.26%,0.38%,0.24%,1.27%,1.04%
5977,Sylvia,5756,89.09%,3.89%,0.76%,0.52%,1.74%,4.00%
5991,Specht,5738,95.07%,0.63%,0.49%,0.30%,1.05%,2.47%
5994,Sackett,5735,94.07%,0.59%,0.82%,0.49%,1.62%,2.41%
6015,Scheer,5719,94.49%,0.12%,0.80%,0.45%,1.64%,2.48%
6043,Svoboda,5686,96.32%,0.09%,0.35%,0.19%,1.04%,2.00%
6046,Salvatore,5680,92.94%,(S),0.81%,(S),0.86%,5.04%
6068,Scanlan,5654,88.01%,0.88%,4.23%,0.50%,3.56%,2.83%
6071,Savoie,5652,90.92%,4.14%,0.74%,0.44%,1.65%,2.11%
6072,Suter,5648,93.29%,1.89%,0.74%,0.37%,1.74%,1.97%
6119,Sikora,5604,96.00%,0.39%,0.79%,0.25%,1.02%,1.55%
6143,Slaton,5577,67.42%,24.76%,1.88%,0.70%,2.53%,2.71%
6147,Storms,5575,90.30%,3.28%,0.50%,0.86%,2.03%,3.03%
6150,Seely,5571,93.38%,0.93%,1.02%,0.79%,1.45%,2.42%
6158,Sokol,5559,95.66%,0.22%,0.67%,0.11%,1.21%,2.14%
6183,Stancil,5532,65.35%,30.46%,0.54%,0.23%,2.02%,1.39%
6206,Schutte,5511,94.86%,0.25%,0.74%,0.40%,1.69%,2.05%
6206,Silvia,5511,86.43%,2.61%,0.47%,0.51%,1.22%,8.76%
6211,Steinke,5506,96.51%,0.22%,0.56%,0.11%,0.89%,1.71%
6224,Sabin,5496,90.34%,1.62%,1.22%,0.36%,2.11%,4.35%
6232,Stricklin,5483,84.75%,10.07%,0.44%,1.06%,1.71%,1.97%
6252,Schauer,5463,95.44%,0.57%,0.49%,0.31%,1.15%,2.03%
6253,Saad,5461,83.32%,2.89%,4.01%,0.11%,4.10%,5.57%
6253,Stamm,5461,95.81%,0.37%,0.97%,0.20%,1.39%,1.26%
6273,Senn,5448,93.02%,1.73%,0.86%,0.39%,1.21%,2.79%
6304,Spiller,5418,66.65%,27.56%,0.46%,0.42%,2.21%,2.69%
6307,Stillman,5411,89.85%,2.96%,0.78%,0.68%,1.96%,3.77%
6331,Sink,5388,96.08%,0.43%,0.56%,0.39%,0.97%,1.58%
6334,Sterner,5385,95.13%,0.52%,0.56%,0.58%,1.04%,2.17%
6336,Solberg,5379,94.98%,0.28%,0.73%,0.73%,1.26%,2.03%
6342,Schaaf,5375,94.07%,0.20%,1.04%,1.25%,1.67%,1.77%
6350,Studer,5368,95.57%,0.17%,0.56%,0.28%,1.29%,2.14%
6363,Squire,5349,67.17%,26.25%,0.67%,1.18%,2.09%,2.64%
6363,Sievers,5349,93.85%,0.97%,0.80%,0.36%,1.20%,2.82%
6373,Strawn,5343,91.86%,2.88%,0.66%,0.43%,1.72%,2.45%
6378,Skeen,5338,87.73%,6.01%,0.67%,0.97%,2.15%,2.45%
6384,Spinelli,5332,93.77%,0.32%,0.36%,0.19%,0.81%,4.56%
6392,Schroder,5325,94.63%,0.47%,0.60%,0.23%,1.30%,2.78%
6404,Spell,5313,77.66%,18.46%,0.32%,0.38%,1.24%,1.94%
6407,Swaim,5310,94.18%,0.56%,0.53%,0.79%,1.94%,2.00%
6410,Schutz,5307,95.18%,0.66%,0.51%,0.38%,0.96%,2.32%
6429,Simonds,5284,92.60%,2.25%,0.59%,0.53%,1.82%,2.21%
6434,Shumway,5278,95.24%,0.40%,0.53%,0.38%,1.25%,2.20%
6438,Schmit,5274,96.28%,0.32%,0.36%,0.49%,0.87%,1.67%
6444,Sansone,5270,94.12%,0.51%,0.85%,0.17%,1.20%,3.15%
6490,Steger,5231,89.93%,5.74%,0.48%,0.29%,1.19%,2.39%
6494,Shattuck,5228,94.85%,0.40%,0.48%,0.48%,1.57%,2.22%
6511,Sherlock,5211,92.67%,1.55%,0.61%,1.38%,1.44%,2.34%
6535,Stadler,5186,94.22%,1.04%,0.52%,0.19%,1.25%,2.78%
6548,Skiles,5172,93.77%,0.68%,0.83%,0.50%,1.45%,2.76%
6551,Showers,5171,72.31%,23.67%,0.35%,0.41%,1.20%,2.07%
6557,Scholz,5169,95.36%,0.46%,0.54%,0.10%,1.22%,2.32%
6560,Shoup,5164,94.79%,0.41%,0.76%,0.43%,1.07%,2.56%
6560,Stricker,5164,93.24%,0.43%,0.39%,1.30%,1.80%,2.85%
6562,Sauter,5163,94.98%,1.26%,0.46%,0.23%,1.38%,1.69%
6571,Stansbury,5152,80.94%,13.24%,0.62%,0.72%,1.84%,2.64%
6583,Shrum,5146,94.87%,0.21%,0.37%,1.07%,1.61%,1.87%
6598,Shelly,5134,79.31%,13.83%,1.66%,0.82%,1.60%,2.79%
6612,Shaner,5121,95.86%,0.51%,0.61%,0.29%,1.31%,1.43%
6658,Standridge,5078,92.95%,0.32%,0.45%,1.75%,2.30%,2.23%
6718,Sawyers,5026,75.43%,20.00%,0.42%,0.28%,1.83%,2.05%
6727,Stanek,5014,96.51%,(S),0.60%,(S),1.14%,1.56%
6727,Slusher,5014,90.49%,4.03%,0.96%,0.60%,1.87%,2.05%
6739,Staub,5004,96.42%,0.28%,0.44%,0.18%,1.10%,1.58%
6777,Schuh,4976,96.16%,0.26%,0.50%,0.30%,1.05%,1.73%
6796,Steelman,4964,92.28%,1.41%,0.46%,1.37%,1.89%,2.58%
6805,Sorrentino,4956,93.46%,0.16%,0.38%,0.18%,1.13%,4.68%
6818,Steffens,4947,94.91%,0.22%,0.55%,0.20%,1.33%,2.79%
6825,Setzer,4940,91.30%,5.12%,0.59%,0.63%,0.97%,1.40%
6864,Scharf,4901,95.67%,0.33%,0.94%,0.33%,1.31%,1.43%
6866,Savino,4899,88.67%,(S),2.80%,(S),1.18%,6.61%
6881,Shetler,4886,97.65%,0.23%,0.35%,0.14%,0.80%,0.84%
6887,Sattler,4879,93.79%,1.62%,0.55%,0.55%,1.09%,2.40%
6909,Swinney,4856,73.93%,21.19%,0.29%,0.82%,1.71%,2.06%
6909,Sass,4856,91.06%,4.18%,0.66%,0.66%,1.30%,2.14%
6954,Summerlin,4824,85.76%,8.91%,0.35%,1.24%,2.32%,1.41%
6958,Suttles,4821,76.39%,18.88%,0.39%,0.31%,1.53%,2.49%
6974,Sand,4810,90.50%,2.43%,1.81%,0.89%,1.10%,3.26%
6989,Swindle,4793,84.60%,10.77%,0.42%,0.38%,1.71%,2.13%
7004,Southworth,4783,95.55%,0.63%,0.59%,0.21%,1.05%,1.99%
7005,Sheehy,4782,93.62%,2.15%,0.67%,0.48%,1.34%,1.74%
7010,Stultz,4778,90.10%,4.94%,0.36%,0.57%,1.67%,2.37%
7012,Stroh,4777,94.81%,0.31%,0.75%,0.15%,1.49%,2.49%
7014,Spillman,4775,84.88%,9.84%,0.63%,0.61%,1.97%,2.07%
7030,Stotts,4760,86.53%,6.58%,0.29%,1.47%,2.48%,2.65%
7066,Shilling,4738,93.29%,1.67%,0.82%,0.57%,1.52%,2.13%
7078,Stringfellow,4730,70.95%,23.45%,0.66%,0.87%,2.43%,1.65%
7107,Stocks,4708,80.06%,14.89%,0.51%,0.34%,2.21%,2.00%
7132,Schulman,4689,95.93%,0.19%,0.66%,0.13%,0.60%,2.50%
7145,Searle,4680,94.23%,0.51%,0.64%,0.47%,1.62%,2.52%
7155,Sain,4675,69.82%,19.21%,5.24%,0.47%,1.80%,3.47%
7157,Sherer,4674,89.75%,5.52%,0.51%,1.03%,1.52%,1.67%
7157,Spratt,4674,73.88%,20.33%,0.41%,1.24%,2.05%,2.10%
7179,Schutt,4658,95.13%,1.14%,0.49%,0.36%,1.05%,1.82%
7180,Sheriff,4657,60.77%,29.57%,5.73%,0.54%,1.98%,1.42%
7195,Sites,4644,96.08%,0.58%,0.54%,0.26%,0.95%,1.59%
7200,Serafin,4641,61.52%,0.78%,1.77%,0.71%,0.52%,34.71%
7201,Silvestri,4638,93.79%,0.17%,0.63%,0.15%,0.65%,4.61%
7205,Schram,4634,95.64%,0.24%,0.76%,0.15%,1.32%,1.90%
7221,Spector,4622,95.54%,0.32%,0.80%,0.19%,0.50%,2.64%
7224,Santo,4620,72.14%,1.80%,4.89%,0.67%,1.17%,19.33%
7224,Shealy,4620,90.56%,6.80%,0.32%,0.13%,1.08%,1.10%
7229,Swindell,4618,75.73%,18.49%,0.54%,1.23%,2.01%,1.99%
7238,Schlueter,4608,95.40%,0.43%,0.46%,0.37%,1.11%,2.24%
7247,Stenger,4601,95.28%,0.48%,0.87%,0.26%,1.52%,1.59%
7261,Scarlett,4590,62.70%,30.28%,0.52%,0.41%,2.11%,3.97%
7272,Sandler,4583,95.09%,1.44%,0.79%,0.11%,0.83%,1.75%
7281,Sacks,4577,93.23%,1.66%,0.61%,0.39%,1.70%,2.40%
7282,Stedman,4576,92.35%,2.73%,0.42%,0.81%,1.22%,2.47%
7284,Swick,4574,93.88%,0.42%,0.50%,1.20%,1.64%,2.36%
7305,Sussman,4565,95.40%,(S),0.79%,(S),0.99%,2.32%
7314,Struble,4562,96.60%,0.44%,0.22%,0.20%,1.07%,1.47%
7315,Spano,4561,93.86%,0.39%,0.68%,0.22%,0.90%,3.95%
7333,Staats,4549,92.17%,1.30%,0.51%,1.03%,2.00%,2.99%
7343,Surratt,4539,71.60%,23.20%,0.46%,0.40%,2.71%,1.63%
7382,Schlabach,4514,97.83%,(S),0.22%,(S),0.64%,1.11%
7384,Shanley,4511,94.88%,0.62%,0.51%,0.49%,1.42%,2.08%
7418,Swart,4490,94.65%,0.73%,1.11%,0.16%,1.45%,1.89%
7421,Standley,4486,87.14%,7.00%,0.71%,1.09%,1.63%,2.43%
7459,Swaney,4468,94.02%,1.12%,0.56%,0.87%,1.28%,2.15%
7461,Shockey,4467,94.25%,0.38%,0.60%,0.85%,1.23%,2.69%
7481,Spina,4453,92.52%,0.27%,0.52%,0.11%,1.01%,5.57%
7485,Smock,4452,94.65%,1.37%,0.52%,0.52%,1.21%,1.73%
7511,Seger,4434,93.50%,1.01%,0.52%,1.33%,1.78%,1.85%
7515,Shuster,4428,95.33%,0.38%,0.54%,0.25%,1.29%,2.21%
7534,Stivers,4412,91.91%,2.33%,0.61%,1.25%,1.84%,2.06%
7572,Sunderland,4387,92.48%,1.91%,0.89%,0.64%,1.46%,2.62%
7575,Sala,4386,71.52%,1.32%,6.54%,2.69%,2.37%,15.55%
7591,Smythe,4379,81.73%,9.25%,1.62%,0.53%,3.22%,3.65%
7591,Simmonds,4379,62.07%,28.91%,0.39%,2.19%,1.58%,4.86%
7593,Soucy,4377,95.54%,0.43%,0.69%,0.46%,1.39%,1.49%
7593,Sartin,4377,81.93%,12.11%,0.59%,0.64%,2.06%,2.67%
7605,Smedley,4371,82.61%,11.05%,0.69%,0.21%,2.45%,3.00%
7618,Snapp,4360,90.80%,3.56%,0.60%,1.47%,2.20%,1.38%
7627,Sandstrom,4352,94.16%,0.28%,0.69%,0.44%,2.14%,2.30%
7633,Stites,4349,91.68%,0.69%,0.48%,1.66%,2.51%,2.99%
7652,Strang,4341,93.46%,0.85%,1.04%,0.44%,1.68%,2.53%
7652,St. Germain,4341,85.95%,7.46%,0.97%,1.59%,2.05%,1.98%
7668,Seibel,4331,94.34%,0.30%,0.83%,0.48%,1.48%,2.56%
7695,Schmucker,4314,98.19%,(S),0.30%,(S),0.37%,0.93%
7698,Santangelo,4312,94.02%,0.32%,0.35%,0.28%,1.02%,4.01%
7702,Stickney,4309,93.36%,1.79%,0.77%,0.65%,1.86%,1.58%
7708,Straight,4307,89.69%,4.62%,0.77%,0.74%,1.95%,2.23%
7717,Stockdale,4301,82.24%,12.67%,0.49%,0.49%,1.74%,2.37%
7778,Saltzman,4267,96.11%,0.28%,0.45%,0.26%,0.98%,1.92%
7781,Strachan,4266,66.17%,27.38%,0.63%,0.38%,2.37%,3.07%
7794,Sabol,4250,94.92%,0.40%,1.93%,0.00%,1.29%,1.46%
7810,Shope,4239,96.20%,0.40%,0.40%,0.57%,1.23%,1.20%
7812,Shiver,4238,83.62%,12.79%,0.40%,0.28%,1.23%,1.68%
7819,Shouse,4234,91.45%,3.45%,0.90%,0.80%,2.15%,1.25%
7831,Selman,4228,82.43%,10.36%,1.09%,0.66%,1.30%,4.16%
7841,Sperling,4224,91.95%,2.82%,1.02%,0.14%,1.18%,2.89%
7856,Seltzer,4213,88.49%,7.29%,0.78%,0.12%,1.26%,2.07%
7859,Snelling,4210,76.27%,19.05%,0.74%,0.36%,1.38%,2.21%
7870,Shoemake,4205,86.75%,4.45%,0.48%,4.02%,2.33%,1.97%
7891,Strasser,4196,94.71%,0.76%,0.86%,0.12%,1.26%,2.29%
7903,Sikorski,4189,95.99%,0.14%,0.76%,0.33%,0.98%,1.79%
7904,Sutphin,4188,94.51%,1.98%,(S),(S),1.27%,1.60%
7909,Sweitzer,4183,95.60%,0.19%,0.45%,0.22%,1.43%,2.10%
7912,Sundberg,4181,94.48%,0.31%,0.86%,0.91%,1.48%,1.96%
7912,Schuck,4181,93.95%,0.77%,1.03%,0.29%,1.46%,2.51%
7920,Souders,4179,93.04%,0.89%,0.79%,0.62%,1.94%,2.73%
7929,Sanfilippo,4173,93.67%,0.31%,0.65%,0.36%,0.84%,4.17%
7958,Skelly,4157,94.18%,0.96%,0.55%,0.51%,1.88%,1.92%
7975,Shults,4146,95.03%,0.70%,0.29%,0.46%,1.52%,2.00%
7988,Sokolowski,4139,95.65%,0.12%,0.48%,0.12%,0.70%,2.92%
7988,Steinman,4139,95.41%,0.14%,0.63%,0.29%,1.14%,2.39%
8010,Shoop,4130,96.25%,0.44%,0.51%,0.12%,0.97%,1.72%
8013,Seeger,4129,95.30%,1.07%,0.73%,0.15%,1.50%,1.26%
8030,Schreck,4122,95.73%,(S),0.44%,(S),1.38%,2.21%
8076,Shulman,4104,96.13%,0.85%,(S),(S),0.83%,1.46%
8087,Sheaffer,4100,96.17%,0.68%,0.56%,0.15%,1.02%,1.41%
8091,Stiffler,4098,95.34%,0.32%,0.73%,0.15%,1.44%,2.03%
8130,Shuck,4078,93.62%,0.98%,0.76%,0.71%,1.59%,2.33%
8135,Slay,4075,71.31%,23.29%,0.52%,0.74%,1.87%,2.28%
8150,Shubert,4068,91.20%,3.93%,0.49%,0.54%,1.38%,2.46%
8164,Schuette,4059,96.18%,(S),0.59%,(S),0.96%,1.85%
8178,Stella,4053,86.92%,1.18%,1.04%,0.25%,1.38%,9.23%
8184,Scheffler,4052,95.24%,0.15%,1.04%,0.27%,1.23%,2.07%
8220,Surber,4037,94.48%,0.25%,0.27%,1.24%,1.34%,2.43%
8232,Soileau,4027,91.43%,5.56%,0.35%,0.40%,0.70%,1.56%
8266,Stoops,4010,94.54%,0.67%,0.75%,0.72%,1.62%,1.70%
8272,Stuck,4008,94.11%,0.47%,0.57%,0.75%,2.12%,1.97%
8274,Soles,4006,78.61%,11.46%,0.45%,0.72%,2.00%,6.76%
8297,Schiff,3993,96.14%,(S),0.68%,(S),0.93%,1.73%
8308,Scudder,3989,87.06%,7.62%,0.75%,0.33%,1.75%,2.48%
8312,Steinbach,3987,94.93%,0.53%,0.38%,0.43%,1.50%,2.23%
8313,Steiger,3986,95.51%,0.48%,0.73%,0.33%,1.23%,1.73%
8323,Slavin,3981,93.64%,0.20%,0.58%,1.00%,1.61%,2.96%
8330,Sawicki,3977,96.20%,0.23%,0.35%,0.15%,0.53%,2.54%
8342,Schooley,3968,95.21%,0.78%,0.43%,0.30%,1.31%,1.97%
8342,Souder,3968,90.30%,5.77%,0.60%,0.18%,1.16%,1.99%
8350,Strouse,3964,95.26%,0.78%,0.66%,0.45%,1.08%,1.77%
8356,Straw,3962,89.78%,5.17%,0.76%,0.73%,2.02%,1.54%
8359,Sumrall,3961,85.61%,10.68%,0.40%,0.33%,1.04%,1.94%
8365,Schade,3958,95.17%,0.48%,0.99%,0.20%,1.01%,2.15%
8395,Sigman,3942,93.28%,1.45%,0.84%,0.66%,1.42%,2.36%
8398,Spry,3940,82.49%,10.41%,0.63%,2.03%,2.56%,1.88%
8398,Schlesinger,3940,93.98%,1.14%,0.69%,0.15%,1.42%,2.61%
8405,Sternberg,3935,95.63%,0.15%,0.79%,0.20%,0.89%,2.34%
8415,Schaffner,3927,95.31%,0.81%,0.66%,0.18%,1.25%,1.78%
8422,Stallard,3925,91.85%,3.41%,0.71%,0.38%,1.71%,1.94%
8458,Stutz,3904,94.44%,0.46%,1.00%,0.26%,1.10%,2.74%
8458,Shroyer,3904,95.95%,0.31%,0.56%,0.51%,1.05%,1.61%
8483,Sirois,3887,96.01%,0.57%,0.44%,0.49%,1.23%,1.26%
8501,Stetson,3875,93.94%,1.06%,0.67%,0.21%,1.16%,2.97%
8512,Shedd,3868,89.30%,6.20%,0.57%,0.52%,1.71%,1.71%
8525,Sines,3861,93.99%,1.68%,0.96%,0.21%,1.11%,2.05%
8534,Stengel,3856,94.42%,(S),0.73%,(S),0.93%,3.53%
8541,Stelly,3854,78.96%,16.94%,0.80%,0.31%,1.06%,1.92%
8551,Shutt,3852,94.55%,0.65%,0.75%,0.60%,1.66%,1.79%
8568,Salamone,3845,94.88%,0.29%,0.44%,0.29%,0.86%,3.25%
8572,Schock,3843,96.07%,0.21%,0.52%,0.36%,1.01%,1.82%
8577,Smeltzer,3841,95.70%,0.36%,0.57%,0.60%,1.74%,1.02%
8581,Sather,3838,95.15%,0.26%,0.83%,0.57%,1.90%,1.28%
8617,Scarberry,3818,94.97%,0.58%,0.18%,0.79%,1.81%,1.68%
8651,Silvey,3798,92.31%,1.95%,0.45%,0.63%,1.50%,3.16%
8679,Schall,3786,95.25%,0.24%,1.40%,0.40%,0.98%,1.74%
8690,Swink,3779,90.05%,5.08%,0.37%,0.79%,1.75%,1.96%
8704,Shahan,3772,91.76%,0.85%,1.91%,0.50%,2.49%,2.49%
8706,Stalnaker,3770,94.16%,1.19%,0.58%,0.34%,1.86%,1.86%
8727,Swiger,3758,95.93%,0.27%,0.51%,0.40%,1.25%,1.65%
8743,Seabolt,3752,92.75%,0.51%,0.59%,2.56%,1.97%,1.63%
8747,Stansberry,3750,77.57%,17.25%,0.48%,0.29%,1.97%,2.43%
8753,Stoffel,3748,95.09%,0.32%,0.61%,0.56%,1.20%,2.21%
8765,Sullins,3741,88.00%,6.09%,0.53%,0.86%,1.84%,2.67%
8787,Sanger,3732,91.40%,0.75%,2.57%,0.46%,2.06%,2.76%
8791,Sack,3729,92.52%,1.10%,1.37%,0.99%,1.58%,2.44%
8807,Sudduth,3718,75.42%,19.90%,0.30%,0.48%,2.07%,1.83%
8822,Saba,3712,76.32%,3.83%,6.90%,(S),(S),9.54%
8834,Stiltner,3709,97.65%,0.27%,0.13%,0.35%,0.89%,0.70%
8834,Stoller,3709,96.55%,0.27%,0.57%,0.16%,1.32%,1.13%
8848,Sweatt,3703,74.48%,18.77%,0.51%,1.57%,2.19%,2.48%
8870,Sheffer,3692,94.66%,0.89%,1.03%,0.33%,1.25%,1.84%
8878,Stanger,3688,93.71%,0.46%,0.65%,1.82%,1.46%,1.90%
8878,Siegfried,3688,95.25%,0.30%,0.54%,0.35%,1.17%,2.39%
8896,Santini,3680,73.72%,0.63%,0.65%,0.43%,1.28%,23.29%
8900,Shiflett,3679,95.46%,0.41%,0.52%,0.52%,1.49%,1.60%
8909,Stapp,3675,93.09%,0.93%,0.54%,1.14%,2.10%,2.20%
8914,Sloane,3673,82.63%,10.45%,0.65%,0.33%,1.85%,4.08%
8916,Scheller,3672,95.51%,0.27%,0.68%,0.27%,1.03%,2.23%
8917,Southwick,3671,95.61%,0.19%,0.63%,0.30%,1.58%,1.69%
8951,Starcher,3657,96.45%,0.46%,0.55%,0.16%,1.31%,1.07%
8969,Spindler,3648,95.34%,0.41%,0.93%,0.14%,1.07%,2.11%
8994,Strayer,3636,94.75%,0.47%,0.58%,0.19%,1.32%,2.70%
8994,Stromberg,3636,93.92%,0.50%,0.85%,0.47%,1.24%,3.03%
9020,St'Onge,3625,92.22%,0.47%,1.05%,1.43%,2.32%,2.51%
9033,Skeens,3617,93.92%,1.82%,0.28%,0.30%,1.44%,2.24%
9061,Snavely,3607,94.21%,0.39%,0.69%,0.28%,1.75%,2.69%
9074,Senter,3602,85.48%,10.27%,0.42%,0.31%,1.67%,1.86%
9081,Secrest,3599,91.22%,3.81%,0.53%,0.72%,1.72%,2.00%
9097,Sale,3591,86.08%,2.26%,6.10%,0.56%,1.84%,3.17%
9114,Sankey,3584,64.68%,29.21%,0.89%,1.76%,1.79%,1.67%
9147,Sunday,3567,81.81%,6.42%,1.35%,4.60%,2.72%,3.11%
9150,Stouffer,3565,96.91%,(S),0.50%,(S),1.01%,1.23%
9155,Steck,3564,95.01%,(S),0.59%,(S),0.98%,3.14%
9171,Stamey,3560,96.43%,0.87%,0.39%,0.14%,1.01%,1.15%
9172,Strahan,3559,85.59%,9.55%,0.51%,0.51%,1.83%,2.02%
9181,Shotwell,3553,79.14%,16.41%,0.76%,0.42%,1.52%,1.75%
