Rank,Name,Count,White,Black,API,AIAN,2+ Races,Hispanic
9,Rodríguez,1094924,4.75%,0.54%,0.57%,0.18%,0.18%,93.77%
28,Ramírez,557423,3.89%,0.31%,0.93%,0.20%,0.19%,94.48%
30,Robinson,529821,48.70%,44.93%,0.46%,0.53%,2.77%,2.61%
46,Rivera,391114,5.40%,0.95%,2.04%,0.18%,0.37%,91.06%
50,Roberts,376774,77.27%,16.72%,0.61%,0.85%,2.15%,2.40%
60,Reyes,327904,4.41%,0.59%,5.58%,0.24%,0.59%,88.58%
66,Rogers,302261,75.40%,18.53%,0.54%,0.82%,2.10%,2.62%
73,Reed,277030,71.29%,22.63%,0.51%,1.05%,2.30%,2.22%
76,Ramos,263464,6.49%,0.98%,4.89%,0.19%,0.65%,86.79%
80,Richardson,259798,59.70%,33.63%,0.48%,1.10%,2.44%,2.65%
89,Ruiz,238234,5.17%,0.44%,1.03%,0.22%,0.24%,92.89%
98,Ross,229368,68.96%,24.46%,0.61%,0.90%,2.32%,2.75%
104,Russell,221558,77.05%,16.69%,0.57%,1.05%,2.18%,2.46%
115,Romero,208614,8.65%,0.50%,1.30%,0.69%,0.37%,88.50%
121,Reynolds,200247,81.08%,13.21%,0.52%,0.71%,2.02%,2.45%
175,Robertson,153666,73.42%,20.61%,0.52%,0.89%,2.11%,2.46%
177,Rose,153397,82.08%,11.61%,0.72%,0.64%,1.99%,2.96%
184,Rice,149500,77.63%,16.74%,0.57%,0.74%,1.99%,2.33%
193,Ryan,143452,91.65%,3.02%,0.89%,0.43%,1.46%,2.55%
217,Riley,133872,72.79%,21.27%,0.51%,0.87%,2.08%,2.48%
220,Ray,133171,74.97%,17.54%,1.94%,0.93%,2.05%,2.56%
228,Richards,130529,78.67%,14.86%,0.66%,1.04%,1.96%,2.81%
237,Rios,127794,4.99%,0.44%,0.43%,0.32%,0.22%,93.61%
275,Reid,111360,59.83%,34.10%,0.61%,0.56%,2.28%,2.62%
285,Rojas,108421,4.12%,0.37%,0.76%,0.12%,0.16%,94.46%
343,Rhodes,90670,74.76%,20.04%,0.48%,0.62%,1.92%,2.17%
386,Robles,82458,5.07%,0.43%,2.05%,0.36%,0.30%,91.78%
390,Reeves,81978,77.31%,16.52%,0.57%,0.77%,2.12%,2.71%
410,Robbins,78381,87.57%,7.24%,0.49%,0.91%,1.72%,2.06%
412,Ramsey,78350,77.84%,16.51%,0.46%,0.70%,2.02%,2.46%
426,Rivas,76205,4.88%,0.59%,0.41%,0.28%,0.17%,93.67%
428,Rodgers,76095,70.15%,23.84%,0.46%,0.64%,2.22%,2.69%
431,Rosales,75185,3.63%,0.30%,2.39%,0.21%,0.26%,93.21%
445,Reese,73919,66.05%,28.24%,0.44%,0.58%,2.07%,2.62%
452,Roman,72918,20.79%,1.86%,0.97%,0.20%,0.51%,75.67%
478,Rowe,69879,79.26%,15.06%,0.64%,0.57%,2.00%,2.47%
574,Roth,58278,94.86%,0.50%,0.90%,0.29%,1.19%,2.27%
578,Rangel,57549,6.01%,0.29%,0.28%,0.22%,0.18%,93.02%
605,Roberson,56180,51.34%,42.78%,0.38%,0.52%,2.74%,2.23%
613,Rocha,55251,16.45%,0.83%,0.80%,0.34%,0.49%,81.08%
621,Randall,54764,74.65%,19.07%,0.64%,1.16%,2.17%,2.30%
629,Richard,53893,70.35%,23.46%,0.90%,0.57%,1.97%,2.75%
640,Roy,53159,75.20%,9.04%,9.69%,1.54%,1.96%,2.57%
673,Rubio,50788,5.35%,0.28%,1.80%,0.27%,0.25%,92.04%
696,Rich,49481,85.20%,9.29%,0.67%,0.56%,1.87%,2.41%
715,Russo,48696,93.85%,0.43%,0.50%,0.14%,0.94%,4.14%
725,Rosario,48051,5.73%,1.80%,4.51%,0.10%,0.82%,87.02%
764,Roach,45019,80.26%,13.99%,0.50%,0.84%,1.76%,2.65%
765,Rosas,44938,3.86%,0.25%,0.51%,0.18%,0.12%,95.08%
840,Randolph,41129,55.87%,37.71%,0.47%,0.70%,2.88%,2.37%
845,Reilly,40884,95.27%,0.43%,0.70%,0.13%,1.16%,2.31%
857,Raymond,40275,79.07%,13.61%,1.05%,0.94%,2.05%,3.28%
869,Rush,39802,74.04%,20.81%,0.46%,0.68%,1.86%,2.16%
897,Rivers,38662,40.47%,50.93%,0.61%,1.95%,2.64%,3.40%
934,Richmond,37053,71.72%,22.84%,0.53%,0.47%,2.22%,2.22%
947,Rasmussen,36636,94.55%,0.27%,0.82%,0.35%,1.43%,2.58%
987,Reyna,35291,6.18%,0.27%,0.47%,0.45%,0.20%,92.43%
992,Rollins,35132,68.29%,25.95%,0.40%,0.48%,2.40%,2.48%
993,Rowland,35121,86.60%,7.42%,0.60%,1.02%,1.88%,2.48%
1011,Riggs,34506,87.67%,6.09%,0.47%,1.58%,1.82%,2.38%
1035,Rosa,33521,30.00%,2.62%,1.18%,0.14%,1.11%,64.96%
1036,Riddle,33507,88.29%,5.89%,0.53%,1.18%,1.99%,2.11%
1053,Ritter,33252,92.62%,2.99%,0.45%,0.59%,1.36%,2.00%
1122,Rodrigues,31280,45.85%,4.95%,4.35%,0.34%,3.26%,41.26%
1168,Ratliff,30083,78.70%,16.22%,0.45%,0.59%,1.95%,2.09%
1178,Richter,29880,94.78%,0.45%,0.65%,0.22%,1.15%,2.74%
1217,Ritchie,29040,91.45%,3.06%,0.66%,0.60%,1.58%,2.64%
1219,Romano,29018,84.76%,0.53%,1.52%,0.12%,0.81%,12.26%
1229,Rankin,28821,78.47%,15.80%,0.53%,0.49%,2.06%,2.65%
1250,Rutherford,28079,82.13%,11.69%,0.53%,1.16%,2.29%,2.20%
1256,Rentería,27976,4.11%,0.27%,0.16%,0.30%,0.17%,94.98%
1301,Rosado,26998,6.94%,1.53%,0.41%,0.13%,0.22%,90.76%
1306,Rutledge,26887,75.32%,19.21%,0.48%,0.73%,1.92%,2.35%
1326,Rucker,26581,45.71%,48.46%,0.46%,0.43%,2.87%,2.07%
1330,Rouse,26519,68.83%,25.28%,0.44%,1.03%,2.02%,2.39%
1339,Rosenberg,26307,95.18%,0.76%,0.63%,0.19%,1.02%,2.22%
1343,Romo,26283,7.72%,0.21%,0.53%,0.39%,0.33%,90.83%
1348,Rossi,26183,91.29%,0.65%,0.63%,0.21%,1.10%,6.12%
1359,Rico,25954,8.25%,0.68%,1.77%,0.53%,0.47%,88.30%
1392,Robison,25450,88.40%,6.02%,0.44%,1.00%,1.96%,2.17%
1406,Roe,25286,90.91%,3.17%,1.23%,0.58%,1.71%,2.40%
1479,Reece,24145,79.54%,14.43%,0.48%,0.99%,2.28%,2.29%
1545,Rainey,23291,63.18%,31.76%,0.34%,0.68%,2.07%,1.97%
1553,Rubin,23165,88.22%,5.92%,1.36%,0.10%,1.26%,3.13%
1554,Reynoso,23143,3.48%,0.32%,1.60%,0.16%,0.17%,94.28%
1572,Rodríguez,22892,7.25%,1.77%,0.45%,0.73%,0.37%,89.42%
1585,Rosen,22596,94.48%,0.63%,0.83%,0.33%,1.03%,2.70%
1616,Ramey,22287,84.77%,10.19%,0.38%,0.60%,1.93%,2.13%
1642,Regan,21951,92.93%,1.87%,0.91%,0.34%,1.36%,2.59%
1647,Redmond,21834,66.28%,28.70%,0.50%,0.31%,1.95%,2.26%
1676,Raines,21518,79.92%,14.69%,0.46%,0.71%,1.91%,2.30%
1770,Root,20284,93.58%,0.61%,1.11%,0.76%,1.60%,2.34%
1778,Rendón,20143,7.62%,0.33%,0.84%,0.32%,0.41%,90.48%
1787,Roper,20065,73.04%,20.59%,0.53%,0.76%,2.12%,2.96%
1808,Rudolph,19854,72.86%,21.41%,0.88%,0.42%,1.77%,2.65%
1827,Rushing,19604,76.57%,18.28%,0.36%,0.54%,1.96%,2.30%
1859,Rock,19313,83.62%,8.71%,0.70%,2.50%,2.00%,2.48%
1860,Roland,19311,70.95%,22.10%,0.62%,0.78%,2.25%,3.30%
1874,Reeder,19155,84.66%,10.36%,0.60%,1.08%,1.44%,1.87%
1895,Roche,18940,79.74%,4.35%,0.83%,0.26%,1.16%,13.66%
1943,Rizzo,18605,92.12%,0.37%,0.51%,0.21%,0.89%,5.91%
1949,Rhoades,18508,91.82%,2.34%,0.68%,0.87%,1.85%,2.44%
1950,Ricks,18506,46.55%,48.17%,0.37%,0.42%,2.51%,1.99%
1977,Richey,18296,86.70%,7.89%,0.43%,0.63%,1.90%,2.45%
1994,Rahman,18097,8.56%,6.21%,79.43%,0.44%,3.95%,1.41%
2127,Read,17048,91.08%,2.74%,0.59%,0.43%,1.33%,3.84%
2150,Ransom,16871,53.33%,37.98%,0.47%,2.28%,3.17%,2.76%
2156,Rooney,16823,93.71%,1.56%,0.66%,0.24%,1.30%,2.53%
2194,Rosenthal,16583,92.72%,2.29%,0.78%,0.24%,1.16%,2.82%
2207,Reagan,16491,92.05%,2.50%,0.68%,0.54%,1.67%,2.55%
2215,Rincón,16455,4.78%,0.22%,0.14%,0.19%,0.14%,94.53%
2226,Ring,16381,91.09%,3.05%,1.60%,0.51%,1.83%,1.93%
2227,Rider,16352,89.38%,3.82%,0.72%,1.90%,1.96%,2.22%
2231,Ruffin,16324,13.75%,80.40%,0.25%,0.15%,3.11%,2.35%
2233,Rader,16320,93.37%,1.09%,0.85%,0.72%,1.74%,2.23%
2237,Russ,16300,71.63%,22.90%,0.51%,0.53%,2.45%,1.98%
2277,Robledo,16001,4.01%,0.29%,0.59%,0.41%,0.23%,94.47%
2285,Rowell,15952,79.85%,14.99%,0.46%,0.76%,1.93%,2.01%
2317,Redding,15767,70.00%,24.51%,0.39%,0.56%,1.99%,2.55%
2319,Royal,15755,51.84%,40.83%,0.82%,0.56%,2.77%,3.18%
2338,Rowley,15588,89.59%,4.48%,0.67%,0.55%,1.81%,2.90%
2344,Reaves,15550,55.31%,39.47%,0.33%,0.33%,2.39%,2.17%
2369,Ruff,15383,72.66%,22.29%,0.57%,0.46%,1.90%,2.12%
2388,Roque,15203,8.65%,2.06%,11.22%,0.18%,1.23%,76.66%
2414,Ruth,15012,82.54%,11.83%,0.84%,0.49%,1.57%,2.73%
2443,Rea,14819,72.34%,0.92%,1.21%,0.59%,1.10%,23.83%
2451,Rudd,14732,79.83%,14.13%,0.54%,1.05%,2.04%,2.41%
2489,Roark,14509,94.12%,1.64%,0.30%,0.52%,1.71%,1.72%
2500,Reséndiz,14457,2.63%,0.08%,0.09%,0.12%,0.06%,97.02%
2508,Randle,14437,25.97%,68.79%,0.27%,0.30%,2.73%,1.95%
2509,Reardon,14435,94.42%,1.27%,0.50%,0.20%,1.39%,2.21%
2544,Ryder,14228,92.14%,2.85%,0.78%,0.52%,1.70%,2.02%
2562,Rapp,14107,94.19%,1.57%,0.69%,0.33%,1.28%,1.94%
2581,Rowan,13993,87.26%,7.03%,0.69%,0.86%,1.92%,2.24%
2594,Renner,13889,94.31%,1.06%,0.52%,0.47%,1.26%,2.38%
2661,Rector,13559,88.50%,6.20%,0.52%,0.78%,1.38%,2.62%
2671,Roldán,13498,6.91%,0.65%,6.95%,0.19%,0.92%,84.38%
2686,Robb,13402,89.46%,5.48%,0.70%,0.37%,1.68%,2.31%
2688,Rinehart,13392,93.88%,1.57%,0.38%,0.57%,1.50%,2.10%
2690,Rhoads,13389,93.40%,1.08%,0.59%,0.82%,1.69%,2.43%
2749,Redd,13119,50.51%,43.50%,0.48%,0.38%,3.09%,2.04%
2770,Redman,13028,81.61%,10.83%,0.93%,0.94%,2.89%,2.80%
2785,Radford,12956,78.20%,16.84%,0.40%,0.77%,2.03%,1.75%
2791,Regalado,12931,5.42%,0.23%,3.43%,0.22%,0.33%,90.36%
2796,Reich,12891,93.85%,0.50%,0.53%,0.96%,1.44%,2.72%
2801,Ricketts,12862,71.79%,22.11%,0.45%,0.65%,2.27%,2.72%
2815,Ragland,12816,48.63%,44.76%,0.47%,0.51%,3.53%,2.09%
2828,Rees,12754,93.90%,0.85%,0.81%,0.29%,1.61%,2.54%
2858,Reddy,12614,27.17%,2.35%,66.12%,0.59%,2.60%,1.17%
2902,Rockwell,12360,90.61%,3.95%,0.69%,0.98%,1.52%,2.26%
2914,Ralston,12302,90.60%,3.60%,0.67%,0.88%,1.71%,2.54%
2932,Ragsdale,12227,78.46%,14.52%,0.43%,1.28%,2.40%,2.92%
2934,Riggins,12218,51.29%,42.46%,0.43%,0.54%,2.72%,2.55%
2944,Robert,12181,71.20%,15.75%,3.99%,0.69%,2.08%,6.29%
2953,Reis,12165,88.94%,2.72%,1.63%,0.16%,2.31%,4.25%
2960,Razo,12125,5.20%,0.28%,1.24%,0.44%,0.42%,92.42%
2967,Rust,12086,93.79%,1.16%,0.71%,0.59%,1.63%,2.12%
2973,Reinhardt,12057,93.06%,1.64%,0.68%,0.41%,1.36%,2.84%
3017,Reedy,11884,87.77%,7.23%,0.58%,0.59%,1.51%,2.32%
3055,Rains,11737,91.04%,2.22%,0.69%,1.25%,1.76%,3.04%
3074,Rawls,11679,52.85%,41.60%,0.39%,0.52%,2.48%,2.16%
3075,Rao,11672,17.02%,0.27%,78.55%,0.16%,2.91%,1.09%
3108,Ramón,11582,10.83%,1.25%,1.29%,3.07%,0.42%,83.15%
3127,Ricci,11534,93.02%,0.51%,0.61%,0.13%,0.94%,4.79%
3133,Ridley,11521,51.23%,41.52%,0.44%,1.48%,3.20%,2.13%
3140,Ruelas,11505,3.23%,0.14%,0.62%,0.39%,0.17%,95.45%
3167,Rupp,11399,95.31%,0.34%,0.69%,0.23%,1.29%,2.14%
3173,Roush,11386,96.44%,0.26%,0.51%,0.30%,1.26%,1.22%
3193,Rodas,11327,7.12%,0.39%,0.74%,0.13%,0.25%,91.37%
3203,Royer,11279,92.40%,2.88%,0.58%,0.48%,1.35%,2.31%
3217,Ruvalcaba,11220,1.68%,0.08%,0.08%,0.15%,0.06%,97.95%
3254,Rivero,11096,9.02%,0.78%,2.14%,0.10%,0.35%,87.61%
3258,Ragan,11081,88.48%,2.68%,4.12%,0.58%,1.53%,2.61%
3319,Reiter,10802,94.99%,0.22%,0.68%,0.80%,1.23%,2.08%
3322,Robins,10797,75.19%,18.78%,1.00%,0.45%,2.32%,2.26%
3409,Ratcliff,10497,73.94%,20.32%,0.45%,0.62%,2.06%,2.61%
3433,Rand,10397,82.04%,11.84%,0.98%,0.19%,1.86%,3.09%
3453,Reichert,10345,95.96%,0.19%,0.58%,0.32%,1.03%,1.91%
3479,Rojo,10275,4.17%,0.23%,2.66%,0.25%,0.19%,92.50%
3623,Renfro,9806,83.15%,10.50%,0.51%,0.84%,2.10%,2.90%
3628,Reddick,9785,41.77%,52.22%,0.59%,0.66%,2.66%,2.10%
3684,Rawlings,9652,76.94%,18.64%,0.59%,0.48%,1.62%,1.74%
3771,Reséndez,9390,6.55%,0.27%,0.11%,0.23%,0.18%,92.66%
3791,Rosenbaum,9333,92.85%,0.39%,0.45%,0.18%,1.15%,4.98%
3794,Reno,9322,89.24%,3.16%,1.23%,0.86%,1.62%,3.88%
3798,Roby,9315,62.83%,30.93%,1.32%,0.41%,2.32%,2.19%
3799,Ripley,9314,90.05%,2.93%,1.37%,0.72%,1.78%,3.15%
3802,Rafferty,9311,95.44%,0.48%,0.63%,0.29%,1.16%,2.00%
3825,Ruggiero,9263,94.96%,0.16%,0.43%,0.10%,0.94%,3.41%
3829,Rueda,9253,4.98%,0.31%,1.77%,0.08%,0.10%,92.76%
3833,Reinhart,9237,95.58%,0.34%,0.54%,0.15%,1.01%,2.38%
3872,Runyon,9153,94.03%,1.66%,0.45%,0.36%,1.58%,1.91%
3886,Rickard,9128,90.78%,2.45%,1.03%,0.83%,2.51%,2.40%
3904,Ruby,9091,88.66%,1.83%,1.37%,0.59%,1.28%,6.27%
3914,Register,9075,84.25%,11.38%,0.65%,0.44%,1.56%,1.71%
3919,Redden,9067,79.02%,15.62%,0.35%,0.86%,2.05%,2.10%
3927,Reimer,9055,94.91%,0.33%,0.78%,0.47%,1.30%,2.20%
3960,Ridgeway,8975,74.81%,18.67%,0.57%,1.24%,2.61%,2.11%
3962,Rauch,8972,93.67%,1.77%,0.69%,0.33%,1.18%,2.35%
3968,Rau,8961,90.97%,1.70%,3.11%,0.36%,1.64%,2.22%
4008,Rodarte,8860,6.46%,0.24%,0.17%,0.59%,0.27%,92.28%
4016,Ricker,8850,94.15%,0.68%,0.36%,1.31%,1.37%,2.14%
4019,Ritchey,8844,94.50%,0.87%,0.42%,0.52%,1.19%,2.50%
4038,Raney,8801,89.38%,4.66%,0.60%,0.92%,1.75%,2.69%
4045,Robinette,8784,94.65%,0.82%,0.26%,0.71%,1.48%,2.08%
4108,Romeo,8636,83.00%,6.40%,1.57%,0.20%,1.19%,7.63%
4152,Rayburn,8532,92.87%,2.19%,0.47%,0.38%,1.50%,2.59%
4187,Riddick,8464,25.38%,68.38%,0.34%,0.34%,2.98%,2.58%
4224,Rausch,8398,95.77%,0.37%,0.57%,0.19%,1.35%,1.75%
4297,Rousseau,8270,81.33%,11.11%,0.58%,1.75%,2.08%,3.14%
4323,Rhea,8219,84.82%,8.53%,1.25%,0.60%,2.36%,2.45%
4333,Redmon,8197,73.21%,21.84%,0.37%,0.34%,2.16%,2.09%
4358,Ralph,8153,82.41%,12.14%,0.80%,0.45%,1.56%,2.64%
4368,Robson,8137,91.84%,2.80%,1.04%,0.29%,1.61%,2.41%
4373,Ridenour,8130,94.37%,0.39%,0.41%,0.86%,1.45%,2.52%
4380,Ramsay,8120,77.66%,16.64%,0.74%,0.28%,2.20%,2.48%
4403,Rey,8074,29.40%,4.31%,4.05%,0.63%,1.20%,60.40%
4409,Royster,8056,33.88%,61.10%,0.40%,0.17%,2.68%,1.78%
4417,Rosser,8043,66.21%,28.09%,0.48%,0.65%,2.18%,2.40%
4474,Rupert,7936,86.59%,8.32%,0.64%,0.54%,1.79%,2.12%
4492,Roller,7894,91.17%,2.15%,0.73%,1.63%,2.23%,2.08%
4515,Riordan,7848,94.78%,0.68%,0.94%,0.20%,1.33%,2.08%
4563,Raynor,7770,76.71%,19.02%,0.48%,0.45%,1.56%,1.79%
4565,Rash,7769,88.96%,6.11%,0.95%,0.33%,1.76%,1.88%
4573,Rinaldi,7756,93.06%,0.40%,0.66%,0.09%,1.30%,4.49%
4580,Rohrer,7750,95.69%,0.36%,0.54%,0.37%,1.20%,1.83%
4604,Romine,7704,92.39%,1.90%,0.77%,0.82%,1.91%,2.22%
4644,Reuter,7643,95.96%,0.26%,0.71%,0.12%,0.75%,2.21%
4663,Reitz,7604,95.02%,0.26%,0.70%,0.43%,1.33%,2.26%
4759,Restrepo,7441,6.72%,0.22%,(S),(S),0.12%,92.81%
4815,Reiss,7334,94.87%,0.68%,0.76%,0.22%,1.45%,2.02%
4854,Raber,7261,97.04%,0.21%,0.34%,0.14%,0.87%,1.40%
4857,Ries,7258,93.87%,1.65%,0.61%,0.28%,1.14%,2.45%
4874,Rosenberger,7228,96.11%,0.37%,0.61%,0.29%,1.08%,1.54%
4890,Rutter,7205,94.49%,0.69%,0.64%,0.42%,2.05%,1.71%
4894,Raya,7198,6.78%,0.56%,1.85%,0.47%,0.29%,90.05%
4900,Randazzo,7190,94.20%,0.25%,0.42%,0.47%,1.04%,3.62%
4916,Rambo,7154,80.68%,12.24%,1.08%,0.45%,1.92%,3.63%
4923,Rana,7145,10.57%,0.59%,83.22%,0.55%,3.05%,2.03%
4936,Ridge,7133,86.26%,7.01%,0.48%,1.04%,2.37%,2.85%
4939,Roddy,7127,76.22%,18.39%,0.51%,0.25%,1.91%,2.72%
4941,Rigsby,7124,84.49%,10.57%,0.36%,0.91%,2.04%,1.63%
4949,Rainwater,7111,83.83%,5.16%,0.55%,3.30%,4.53%,2.63%
4969,Rudy,7069,93.59%,1.37%,0.65%,0.16%,1.32%,2.91%
4987,Roderick,7039,86.16%,6.99%,0.57%,0.55%,2.29%,3.44%
5043,Rohde,6961,94.93%,0.37%,0.46%,0.29%,1.44%,2.51%
5045,Real,6959,30.09%,2.50%,5.76%,0.49%,1.05%,60.11%
5068,Rubino,6917,91.77%,0.27%,0.95%,0.17%,1.00%,5.83%
5086,Rooks,6883,63.72%,29.58%,0.44%,1.38%,2.21%,2.67%
5138,Richie,6812,74.50%,18.17%,0.62%,0.38%,2.07%,4.26%
5142,Rutkowski,6805,96.47%,(S),0.73%,(S),0.98%,1.62%
5166,Rickman,6774,85.43%,8.07%,0.35%,1.17%,2.10%,2.88%
5178,Rath,6747,85.58%,0.41%,9.96%,0.52%,1.72%,1.81%
5185,Roeder,6742,95.06%,0.18%,0.58%,0.27%,1.41%,2.51%
5196,Rountree,6726,69.37%,25.57%,0.51%,0.31%,1.98%,2.26%
5197,Roybal,6725,15.32%,0.21%,0.59%,1.81%,0.83%,81.23%
5206,Ribeiro,6712,81.03%,7.54%,2.55%,0.21%,1.83%,6.84%
5245,Roden,6653,90.25%,3.38%,0.74%,0.98%,1.44%,3.22%
5268,Rife,6620,93.14%,2.30%,0.39%,0.47%,2.04%,1.66%
5281,Raley,6593,91.20%,3.34%,0.73%,0.58%,1.56%,2.59%
5289,Richman,6583,93.48%,2.05%,0.65%,0.30%,1.03%,2.48%
5289,Rocco,6583,90.54%,0.49%,1.09%,0.20%,1.50%,6.18%
5295,Riedel,6578,93.75%,0.50%,0.93%,0.29%,1.41%,3.12%
5305,Rawlins,6566,74.44%,17.33%,1.43%,0.41%,2.88%,3.50%
5326,Recinos,6540,3.13%,0.35%,0.28%,(S),(S),96.02%
5353,Rashid,6504,25.85%,16.34%,49.52%,0.26%,5.34%,2.69%
5355,Ruble,6503,94.71%,1.26%,0.69%,0.42%,1.41%,1.51%
5371,Rosenfeld,6484,94.90%,0.35%,0.68%,0.14%,1.10%,2.84%
5381,Rathbun,6467,94.74%,0.23%,0.84%,0.48%,1.96%,1.75%
5388,Rigby,6458,87.47%,7.90%,0.93%,0.37%,1.64%,1.69%
5400,Rounds,6447,80.15%,14.84%,0.59%,0.53%,1.71%,2.19%
5405,Roundtree,6439,23.92%,69.27%,0.14%,0.71%,3.60%,2.36%
5413,Ritz,6430,92.15%,0.50%,1.35%,0.44%,1.54%,4.03%
5442,Rawson,6395,93.89%,1.20%,0.84%,0.52%,1.16%,2.39%
5466,Ramires,6362,2.86%,0.30%,0.49%,0.08%,0.13%,96.15%
5479,Reza,6349,8.32%,0.30%,8.77%,0.38%,0.96%,81.27%
5514,Rohr,6308,95.39%,0.44%,0.38%,0.57%,1.08%,2.14%
5518,Runyan,6301,94.68%,0.67%,0.41%,0.40%,1.65%,2.19%
5537,Rascón,6274,6.39%,0.24%,0.19%,0.29%,0.18%,92.72%
5547,Rizo,6266,5.25%,0.40%,0.29%,0.30%,0.11%,93.65%
5560,Rood,6254,93.49%,1.01%,0.78%,0.53%,1.71%,2.48%
5573,Rule,6236,83.48%,8.87%,1.25%,0.51%,1.89%,3.99%
5588,Ream,6222,93.20%,0.61%,2.30%,0.50%,1.62%,1.77%
5589,Roa,6221,9.03%,0.42%,7.02%,0.43%,0.77%,82.32%
5617,Rhoden,6187,67.27%,26.35%,0.48%,0.48%,2.26%,3.15%
5684,Radtke,6099,96.34%,0.16%,0.57%,0.39%,1.13%,1.39%
5688,Renaud,6094,83.85%,7.43%,0.72%,0.30%,2.10%,5.60%
5761,Roney,6015,79.53%,15.03%,0.90%,0.33%,1.93%,2.28%
5783,Rieger,5989,95.53%,0.38%,0.57%,0.13%,1.07%,2.32%
5812,Radcliffe,5948,85.74%,8.68%,0.52%,0.30%,1.93%,2.82%
5836,Reinke,5926,96.95%,0.24%,0.47%,0.27%,0.89%,1.18%
5865,Remington,5881,93.69%,0.73%,0.95%,0.63%,1.79%,2.21%
5925,Risner,5816,95.05%,0.67%,0.31%,0.65%,1.77%,1.55%
5975,Rex,5758,90.57%,3.49%,0.97%,0.36%,1.51%,3.09%
6025,Rhinehart,5707,80.73%,12.81%,0.54%,0.91%,2.33%,2.68%
6030,Riojas,5699,7.90%,0.19%,0.21%,0.14%,0.14%,91.42%
6054,Rahn,5668,94.94%,1.01%,0.90%,0.35%,0.97%,1.83%
6063,Rolón,5658,9.14%,0.97%,0.30%,0.11%,0.34%,89.15%
6134,Rodman,5585,87.48%,5.87%,0.97%,0.64%,1.97%,3.06%
6186,Rivard,5530,95.30%,0.24%,0.49%,0.45%,1.08%,2.44%
6194,Ryals,5523,79.03%,15.08%,0.47%,1.09%,2.12%,2.21%
6220,Rossman,5498,94.23%,0.93%,0.55%,0.29%,1.49%,2.51%
6229,Rackley,5488,84.91%,9.53%,0.47%,0.66%,1.97%,2.46%
6232,Rickert,5483,95.28%,0.69%,0.42%,0.51%,1.11%,1.99%
6240,Ruano,5478,5.62%,0.35%,1.26%,0.40%,0.38%,91.99%
6253,Riffle,5461,94.95%,0.55%,0.53%,0.37%,1.78%,1.83%
6269,Reinert,5450,96.13%,0.40%,0.48%,0.28%,1.21%,1.50%
6291,Ridgway,5429,92.12%,2.25%,0.64%,1.42%,1.53%,2.04%
6312,Reeve,5406,92.36%,1.28%,0.94%,0.78%,1.94%,2.70%
6336,Rothman,5379,96.11%,(S),0.73%,(S),0.78%,2.08%
6339,Rittenhouse,5378,93.86%,2.16%,0.48%,0.24%,1.51%,1.75%
6375,Rego,5342,79.95%,1.25%,4.66%,0.21%,2.71%,11.21%
6381,Robey,5333,86.07%,8.85%,0.41%,0.54%,1.86%,2.27%
6399,Reel,5316,88.24%,6.90%,0.51%,0.83%,1.64%,1.88%
6411,Reavis,5305,81.45%,12.52%,0.58%,0.90%,2.26%,2.28%
6418,Rai,5295,3.68%,1.06%,89.99%,0.57%,3.31%,1.40%
6418,Reber,5295,95.03%,0.34%,1.02%,0.17%,1.47%,1.96%
6425,Rager,5287,95.29%,0.57%,0.55%,0.38%,1.59%,1.63%
6430,Ringer,5283,84.91%,10.07%,1.59%,0.28%,1.38%,1.76%
6470,Ren,5247,12.31%,0.65%,84.51%,0.17%,0.97%,1.39%
6484,Riddell,5236,92.59%,2.92%,0.53%,0.38%,1.30%,2.27%
6489,Radcliff,5232,81.57%,12.77%,0.40%,0.73%,1.93%,2.60%
6494,Ruggles,5228,95.77%,0.42%,0.29%,0.36%,1.05%,2.10%
6497,Rumsey,5226,92.25%,1.78%,0.55%,1.17%,2.05%,2.20%
6510,Robin,5212,81.68%,10.46%,2.51%,0.38%,1.55%,3.42%
6514,Raab,5208,94.66%,0.61%,0.63%,0.25%,1.69%,2.15%
6522,Reiner,5202,94.29%,0.42%,0.67%,0.29%,1.15%,3.17%
6535,Ruppert,5186,94.87%,0.62%,0.62%,0.39%,1.45%,2.06%
6571,Roscoe,5152,70.07%,25.00%,0.60%,0.41%,2.19%,1.73%
6586,Rigdon,5145,95.39%,0.51%,0.45%,0.62%,1.54%,1.50%
6591,Runge,5139,94.71%,0.37%,0.80%,0.31%,1.63%,2.18%
6605,Rubalcava,5130,4.13%,(S),0.18%,0.21%,(S),95.30%
6618,Reams,5118,79.91%,13.83%,1.00%,0.68%,1.70%,2.87%
6622,Royce,5115,91.63%,2.25%,0.76%,0.39%,1.78%,3.19%
6632,Race,5108,92.19%,2.25%,0.59%,0.39%,1.90%,2.68%
6638,Roebuck,5100,66.80%,24.33%,0.35%,1.61%,3.12%,3.78%
6646,Rae,5094,89.95%,2.30%,2.14%,0.63%,1.57%,3.42%
6680,Runnels,5055,66.41%,25.06%,0.44%,2.12%,3.03%,2.95%
6690,Roos,5051,93.37%,1.33%,1.21%,0.24%,1.52%,2.34%
6704,Rome,5037,73.60%,19.38%,1.21%,0.38%,1.95%,3.49%
6721,Rue,5023,75.01%,15.09%,2.21%,0.42%,1.69%,5.57%
6732,Roll,5011,93.45%,0.86%,0.94%,0.50%,1.28%,2.97%
6777,Radke,4976,94.49%,0.32%,0.86%,0.32%,1.37%,2.63%
6885,Ronquillo,4881,8.01%,0.23%,20.32%,0.33%,1.76%,69.35%
6896,Ready,4875,85.42%,8.55%,1.05%,0.49%,2.42%,2.07%
6933,Racine,4836,82.55%,7.71%,0.37%,4.40%,1.30%,3.66%
6936,Rubenstein,4833,95.70%,0.41%,0.77%,0.17%,0.93%,2.03%
6952,Raper,4825,90.63%,3.65%,0.31%,1.89%,1.64%,1.89%
6956,Renfroe,4822,77.54%,17.59%,0.35%,0.48%,1.97%,2.07%
6960,Rolle,4819,17.56%,73.13%,1.87%,0.15%,3.51%,3.80%
7031,Rodrigue,4759,80.37%,5.25%,0.42%,1.83%,1.03%,11.09%
7050,Rinker,4750,95.64%,0.25%,0.78%,0.23%,1.56%,1.54%
7113,Rusch,4703,95.11%,0.68%,0.62%,0.43%,1.28%,1.89%
7117,Rusk,4701,88.87%,6.13%,0.68%,0.89%,1.11%,2.32%
7141,Revels,4683,53.77%,27.08%,0.51%,12.92%,3.22%,2.50%
7165,Rook,4668,89.67%,4.11%,1.20%,0.71%,1.93%,2.38%
7167,Rhone,4667,30.23%,61.41%,0.77%,0.88%,4.05%,2.66%
7174,Rude,4661,95.07%,0.41%,0.67%,0.67%,1.35%,1.85%
7191,Resnick,4647,95.89%,(S),0.47%,(S),1.10%,2.19%
7203,Rigney,4637,91.48%,2.95%,0.67%,0.52%,1.44%,2.93%
7258,Rick,4591,92.09%,2.59%,1.00%,0.52%,1.11%,2.68%
7270,Rayford,4584,8.49%,85.08%,0.15%,0.31%,3.95%,2.03%
7279,Rothwell,4579,86.85%,7.67%,0.87%,0.44%,2.03%,2.14%
7319,Raby,4559,81.55%,13.05%,0.92%,0.81%,1.51%,2.15%
7325,Reiser,4554,96.05%,0.29%,0.70%,0.18%,0.90%,1.89%
7339,Rolfe,4542,87.91%,7.68%,0.62%,0.57%,1.30%,1.92%
7345,Rogan,4537,79.06%,14.26%,1.54%,0.31%,2.73%,2.09%
7373,Rhyne,4518,84.62%,11.11%,0.40%,0.46%,1.68%,1.73%
7406,Roof,4494,94.37%,0.98%,1.20%,0.78%,1.47%,1.20%
7431,Raygoza,4482,1.90%,0.16%,0.20%,0.11%,0.13%,97.50%
7450,Rabe,4472,89.11%,0.74%,4.87%,0.20%,1.97%,3.11%
7468,Ruhl,4462,95.11%,0.61%,0.87%,0.25%,1.08%,2.08%
7497,Ressler,4442,96.02%,0.45%,0.47%,0.34%,0.74%,1.98%
7505,Raymer,4436,94.52%,0.56%,0.81%,0.54%,1.24%,2.32%
7568,Reisinger,4390,96.15%,0.16%,0.46%,0.46%,1.09%,1.69%
7575,Rozier,4386,39.92%,54.90%,0.48%,0.32%,2.55%,1.82%
7599,Renshaw,4374,93.37%,1.30%,0.53%,0.87%,1.81%,2.13%
7609,Rushton,4369,90.23%,5.33%,0.50%,0.41%,1.33%,2.20%
7614,Raphael,4366,50.94%,34.38%,2.63%,2.43%,3.11%,6.50%
7674,Ratcliffe,4327,85.23%,8.62%,1.18%,0.30%,1.57%,3.10%
7752,Ramer,4283,94.14%,1.49%,0.40%,0.63%,1.10%,2.24%
7821,Reveles,4233,5.34%,0.54%,0.26%,0.26%,0.17%,93.43%
7852,Roseberry,4215,86.31%,8.97%,0.21%,0.66%,1.45%,2.40%
7882,Rein,4199,91.31%,3.67%,1.21%,0.40%,0.88%,2.52%
7894,Russel,4195,70.66%,19.12%,1.31%,1.84%,2.57%,4.51%
7896,Reidy,4193,94.30%,0.41%,1.12%,0.26%,1.84%,2.07%
7915,Reina,4180,35.05%,1.82%,1.03%,0.69%,0.79%,60.62%
7926,Roop,4175,95.31%,0.38%,0.81%,0.43%,1.25%,1.82%
7937,Riccio,4169,96.09%,(S),0.53%,(S),0.74%,2.40%
7939,Rutland,4168,75.60%,20.15%,0.43%,0.41%,1.54%,1.87%
8006,Rosson,4131,90.97%,2.59%,0.31%,1.38%,2.30%,2.44%
8010,Reiff,4130,95.96%,(S),0.58%,(S),1.11%,2.13%
8036,Ronan,4117,85.26%,1.46%,1.09%,0.15%,1.00%,11.05%
8049,Rabon,4112,86.45%,6.96%,2.12%,0.78%,1.78%,1.92%
8106,Rodney,4089,41.72%,51.06%,0.78%,0.29%,2.03%,4.11%
8114,Rosenblum,4086,95.72%,0.29%,0.73%,0.00%,0.83%,2.42%
8128,Rye,4079,90.39%,2.57%,1.62%,1.13%,1.67%,2.62%
8133,Rennie,4076,83.22%,10.97%,0.93%,0.49%,1.72%,2.67%
8141,Rhee,4071,3.93%,0.22%,91.75%,0.17%,3.32%,0.61%
8176,Roger,4054,61.57%,18.70%,1.36%,0.69%,1.73%,15.96%
8201,Riggle,4047,94.84%,0.77%,0.49%,0.72%,1.16%,2.03%
8213,Risley,4040,93.42%,0.54%,0.52%,1.26%,1.58%,2.67%
8222,Rayner,4036,77.06%,17.44%,0.74%,0.40%,1.59%,2.78%
8238,Rochester,4024,63.52%,30.09%,0.52%,0.72%,2.19%,2.96%
8263,Rademacher,4011,95.94%,0.35%,0.72%,0.17%,1.17%,1.65%
8288,Rosier,3997,70.40%,24.32%,0.73%,0.40%,2.43%,1.73%
8295,Rembert,3994,16.22%,77.69%,0.23%,0.18%,3.25%,2.43%
8297,Roseman,3993,76.06%,19.46%,0.50%,0.15%,2.15%,1.68%
8313,Rideout,3986,74.39%,19.42%,0.50%,0.63%,3.01%,2.06%
8317,Raleigh,3984,89.03%,6.22%,0.60%,0.90%,1.91%,1.33%
8337,Renfrow,3972,89.93%,5.39%,0.28%,1.08%,1.79%,1.54%
8345,Riegel,3967,96.04%,0.40%,0.43%,0.23%,1.34%,1.56%
8373,Rentz,3954,86.12%,7.97%,0.40%,1.21%,1.14%,3.16%
8377,Ricciardi,3951,95.72%,(S),0.40%,(S),0.51%,3.01%
8439,Rost,3913,93.53%,1.46%,0.79%,0.43%,1.48%,2.30%
8439,Rummel,3913,95.68%,0.43%,0.36%,0.26%,0.95%,2.33%
8458,Rothstein,3904,96.52%,0.44%,0.69%,0.00%,0.87%,1.49%
8475,Rondeau,3894,90.09%,2.62%,0.33%,2.18%,2.26%,2.52%
8477,Reinhard,3893,95.12%,0.33%,0.57%,0.28%,1.05%,2.65%
8494,Ramage,3878,91.70%,3.22%,1.13%,0.88%,1.29%,1.78%
8529,Reep,3858,86.42%,8.19%,0.54%,0.78%,2.13%,1.94%
8547,Ram,3853,14.61%,5.11%,61.72%,0.73%,9.21%,8.62%
8551,Riehl,3852,96.18%,0.29%,0.70%,0.16%,1.30%,1.38%
8611,Roca,3819,19.64%,0.76%,3.88%,(S),(S),75.46%
8634,Rankins,3809,25.05%,68.57%,0.29%,1.10%,3.20%,1.79%
8650,Reichard,3799,94.60%,0.34%,0.66%,0.16%,1.16%,3.08%
8681,Remy,3784,53.75%,36.71%,1.19%,0.58%,2.40%,5.36%
8690,Rhine,3779,85.15%,9.18%,1.22%,0.82%,1.24%,2.38%
8706,Roberto,3770,65.78%,1.64%,7.32%,0.19%,1.11%,23.95%
8718,Raymundo,3764,3.40%,0.32%,24.87%,0.32%,2.10%,69.00%
8728,Rourke,3757,93.64%,0.48%,0.75%,1.60%,1.65%,1.89%
8780,Reh,3734,20.65%,(S),76.46%,(S),1.42%,1.18%
8813,Romans,3715,89.53%,3.96%,0.81%,0.67%,1.83%,3.20%
8814,Roberge,3714,96.02%,0.32%,0.62%,0.35%,1.37%,1.32%
8832,Retana,3710,4.18%,0.24%,0.59%,(S),(S),94.74%
8878,Rosner,3688,95.61%,(S),1.06%,(S),1.11%,1.76%
8891,Ruch,3682,95.25%,0.62%,0.84%,0.19%,1.14%,1.96%
8907,Ruan,3676,2.09%,1.44%,80.33%,(S),(S),15.42%
8925,Robinett,3667,91.52%,1.47%,1.01%,0.65%,1.80%,3.55%
8969,Routh,3648,90.95%,2.47%,1.86%,1.23%,1.67%,1.81%
8986,Rettig,3641,93.88%,2.17%,0.55%,0.27%,0.93%,2.20%
8993,Rehm,3637,95.90%,0.27%,0.60%,0.25%,1.07%,1.90%
9006,Rafael,3631,15.48%,2.09%,15.97%,2.20%,1.35%,62.90%
9038,Rossetti,3615,92.25%,0.72%,0.58%,0.22%,1.08%,5.15%
9073,Roan,3603,65.95%,12.27%,7.72%,5.80%,1.50%,6.77%
9093,Rael,3592,16.65%,0.45%,0.67%,1.78%,0.56%,79.90%
9138,Rupe,3572,93.67%,0.39%,0.59%,1.12%,1.76%,2.46%
9141,Redwine,3569,72.29%,19.39%,0.36%,2.44%,2.72%,2.80%
9181,Rochelle,3553,65.16%,27.33%,0.82%,0.93%,2.65%,3.12%
9186,Reinhold,3551,94.11%,0.42%,1.30%,0.20%,1.41%,2.56%
9186,Roemer,3551,95.69%,0.70%,(S),(S),1.07%,1.86%
9203,Rabinowitz,3544,97.07%,0.14%,0.45%,0.00%,0.40%,1.95%
9203,Rives,3544,72.74%,10.05%,0.48%,0.40%,1.13%,15.21%
9237,Rhode,3523,91.17%,2.84%,1.11%,1.19%,1.11%,2.58%
9241,Reynaga,3522,2.73%,0.17%,(S),0.23%,(S),96.62%
9255,Rainer,3518,71.60%,22.60%,0.54%,0.57%,2.59%,2.10%
9262,Record,3515,86.26%,7.48%,0.63%,0.91%,2.28%,2.45%
9271,Riker,3512,94.99%,0.83%,0.65%,0.23%,0.94%,2.36%
9301,Robillard,3499,89.63%,5.26%,0.77%,0.34%,1.57%,2.43%
9332,Rosenblatt,3490,95.27%,(S),0.92%,(S),1.29%,2.15%
9368,Ringler,3472,95.77%,0.32%,0.95%,0.23%,1.56%,1.18%
9373,Recker,3471,96.95%,0.81%,(S),(S),0.61%,1.21%
9407,Romer,3456,84.20%,6.28%,1.27%,1.13%,1.50%,5.61%
9433,Ricardo,3448,24.80%,4.06%,4.15%,(S),(S),66.07%
9440,Rowlett,3446,80.82%,14.65%,0.23%,0.38%,1.77%,2.15%
9451,Recio,3442,8.45%,(S),6.97%,(S),0.96%,82.66%
9491,Rimmer,3426,76.47%,19.32%,0.50%,0.20%,1.46%,2.04%
9568,Rebollar,3397,2.09%,0.15%,0.00%,(S),(S),97.59%
9570,Revis,3396,73.17%,18.85%,0.50%,1.00%,1.97%,4.51%
9583,Raza,3392,7.84%,0.56%,82.64%,0.32%,3.36%,5.28%
9594,Roux,3387,85.00%,5.73%,3.54%,0.50%,2.10%,3.13%
9611,Reif,3381,92.78%,2.66%,0.44%,0.47%,1.39%,2.25%
9632,Roane,3370,47.92%,45.43%,0.62%,0.45%,3.12%,2.46%
9648,Rode,3363,92.63%,0.74%,1.81%,0.54%,1.64%,2.65%
9695,Rachal,3346,59.15%,29.08%,0.66%,2.36%,4.03%,4.72%
9698,Reimers,3345,92.17%,1.11%,1.88%,0.27%,1.52%,3.05%
9712,Redfern,3340,80.27%,13.02%,0.69%,1.02%,2.40%,2.60%
9716,Rank,3339,94.10%,0.69%,1.02%,0.60%,1.50%,2.10%
9741,Raven,3327,69.61%,21.64%,0.54%,1.56%,2.19%,4.45%
9747,Ramsdell,3325,93.26%,1.17%,0.66%,1.20%,1.86%,1.83%
9756,Rizvi,3322,4.70%,0.54%,90.10%,0.18%,3.34%,1.14%
9765,Rakes,3318,93.52%,3.10%,0.48%,0.21%,1.08%,1.60%
9770,Rossiter,3316,93.73%,0.27%,0.78%,0.24%,2.11%,2.86%
9780,Reader,3313,87.93%,7.15%,0.57%,0.72%,1.93%,1.69%
9784,Rehman,3311,12.81%,0.51%,81.24%,0.24%,3.71%,1.48%
9794,Range,3306,56.20%,33.88%,2.57%,0.21%,2.57%,4.57%
9821,Rone,3296,60.29%,32.13%,2.37%,0.27%,2.37%,2.58%
9836,Rudisill,3290,92.19%,4.22%,0.46%,0.33%,1.22%,1.58%
9839,Riccardi,3289,93.13%,0.82%,(S),(S),1.19%,4.13%
9846,Rowles,3286,87.13%,7.24%,0.55%,0.33%,2.50%,2.25%
9854,Rutz,3282,69.26%,0.49%,0.64%,0.30%,1.13%,28.18%
9865,Reneau,3279,79.81%,11.86%,0.88%,0.46%,2.01%,4.97%
9890,Reeser,3270,95.90%,0.46%,(S),(S),0.95%,2.20%
9895,Resch,3267,95.32%,0.37%,0.61%,0.31%,1.56%,1.84%
9917,Ruddy,3258,94.17%,0.46%,0.86%,0.34%,0.95%,3.22%
9940,Railey,3246,71.60%,23.14%,0.77%,0.18%,2.13%,2.19%
10019,Rumph,3218,32.66%,63.52%,(S),(S),1.58%,1.90%
10034,Roesch,3210,95.76%,(S),0.65%,(S),0.75%,2.34%
10050,Richburg,3205,40.12%,55.23%,0.31%,0.44%,2.12%,1.78%
10068,Rowden,3202,84.70%,9.62%,0.41%,0.53%,2.19%,2.56%
10072,Revell,3200,76.38%,17.13%,0.81%,0.41%,2.03%,3.25%
10075,Resto,3199,11.16%,1.25%,0.41%,(S),(S),86.93%
10085,Risinger,3196,94.74%,0.31%,0.59%,0.59%,1.19%,2.57%
10103,Rolland,3188,69.45%,22.65%,0.69%,2.04%,2.54%,2.63%
10107,Ridings,3187,94.85%,0.47%,0.50%,0.31%,1.19%,2.67%
10125,Rubinstein,3183,92.11%,(S),0.94%,(S),0.66%,5.62%
10172,Rothrock,3172,94.96%,0.38%,0.85%,0.35%,1.13%,2.33%
10215,Reck,3155,94.77%,0.79%,0.92%,0.35%,1.30%,1.87%
10219,Runion,3154,94.93%,0.98%,0.54%,0.32%,1.46%,1.78%
10274,Ranson,3138,62.27%,31.42%,0.80%,0.32%,2.58%,2.61%
10278,Renz,3137,94.26%,0.38%,0.96%,0.51%,1.08%,2.81%
10292,Rohan,3131,79.43%,5.27%,1.92%,0.19%,1.53%,11.66%
10302,Raker,3127,87.82%,7.23%,0.86%,0.32%,1.98%,1.79%
10306,Robichaud,3126,96.10%,0.22%,0.77%,0.35%,1.15%,1.41%
10352,Rothenberg,3112,96.14%,(S),0.77%,(S),0.90%,1.70%
10391,Reger,3101,94.74%,0.52%,0.84%,0.58%,1.32%,2.00%
10396,Rink,3099,94.09%,1.19%,(S),(S),1.65%,2.07%
10450,Riffe,3078,94.44%,1.33%,0.36%,0.39%,1.46%,2.01%
10453,Regis,3076,34.69%,41.45%,7.25%,0.68%,2.37%,13.56%
10517,Rymer,3050,89.74%,2.66%,0.66%,0.33%,1.15%,5.48%
10520,Rondón,3049,9.05%,4.23%,(S),(S),0.52%,85.63%
10525,Rippy,3048,79.89%,14.47%,(S),(S),2.30%,2.30%
10539,Roblero,3043,3.09%,0.23%,(S),(S),(S),96.52%
10548,Riemer,3039,94.83%,0.30%,0.89%,0.30%,1.65%,2.04%
10631,Reale,3012,93.96%,1.13%,(S),(S),0.86%,3.32%
10645,Rosso,3006,80.84%,0.83%,0.37%,0.30%,0.96%,16.70%
10663,Rooker,3000,88.23%,6.20%,0.50%,0.37%,2.53%,2.17%
10675,Redford,2996,86.38%,7.11%,0.97%,1.07%,2.00%,2.47%
10679,Ruffner,2994,91.62%,4.31%,0.20%,0.30%,1.34%,2.24%
10686,Runkle,2991,93.75%,1.24%,0.60%,0.27%,1.30%,2.84%
10704,Rugg,2986,94.78%,0.70%,0.44%,0.37%,1.74%,1.98%
10708,Ricard,2984,68.16%,21.48%,0.67%,0.30%,2.35%,7.04%
10715,Reading,2982,89.40%,4.46%,0.70%,0.54%,2.08%,2.82%
10765,Riner,2963,94.47%,1.11%,0.44%,0.67%,1.99%,1.32%
10792,Rubalcaba,2955,5.52%,0.20%,0.24%,0.20%,0.24%,93.60%
10795,Rothschild,2954,91.10%,4.37%,0.64%,0.00%,1.25%,2.64%
10812,Romain,2946,38.02%,52.44%,0.64%,0.37%,2.68%,5.84%
10860,René,2933,24.45%,62.80%,1.19%,0.68%,2.35%,8.52%
10907,Reda,2919,85.41%,6.54%,(S),(S),1.95%,5.04%
10924,Render,2913,47.51%,47.96%,(S),(S),2.33%,1.48%
10942,Richert,2910,95.19%,0.27%,0.58%,0.31%,0.76%,2.89%
10968,Rogerson,2900,89.34%,6.45%,(S),(S),1.34%,2.41%
10968,Rosati,2900,94.21%,(S),0.86%,(S),0.97%,3.66%
10974,Rabb,2899,51.43%,42.43%,1.59%,0.31%,2.04%,2.21%
10986,Repp,2895,94.58%,0.62%,0.52%,0.35%,1.31%,2.63%
10987,Reames,2894,88.01%,6.98%,0.55%,0.52%,1.45%,2.49%
11026,Ruben,2884,67.93%,15.95%,4.20%,1.56%,2.01%,8.36%
11044,Rickett,2879,84.02%,11.67%,0.49%,0.56%,1.56%,1.70%
11047,Renn,2878,93.99%,2.12%,1.18%,0.52%,0.83%,1.36%
11051,Rockwood,2877,89.47%,2.75%,0.80%,2.29%,1.63%,3.06%
11132,Rieck,2847,97.33%,(S),0.46%,(S),0.74%,1.23%
11146,Rappaport,2841,96.30%,0.42%,0.60%,0.00%,0.74%,1.94%
11146,Romig,2841,96.02%,0.39%,0.70%,0.32%,0.88%,1.69%
11156,Ranieri,2837,92.99%,(S),1.13%,(S),1.13%,4.09%
11158,Rockett,2836,65.20%,30.68%,0.18%,0.25%,1.66%,2.05%
11172,Rothe,2831,94.49%,(S),0.92%,(S),1.38%,2.61%
11179,Raposo,2829,80.21%,0.71%,0.88%,0.00%,1.59%,16.61%
11200,Rasheed,2822,19.42%,42.88%,29.59%,0.71%,5.17%,2.23%
11226,Rohrbach,2816,95.42%,0.28%,0.85%,0.39%,1.07%,1.99%
11279,Rizzi,2801,93.72%,(S),0.75%,(S),0.39%,4.82%
11283,Rasberry,2800,62.43%,30.68%,0.25%,1.46%,2.18%,3.00%
11293,Randell,2797,67.43%,25.17%,0.57%,1.36%,2.07%,3.40%
11302,Rabago,2794,6.62%,(S),15.28%,(S),2.43%,74.45%
11339,Rigg,2783,89.08%,5.07%,0.93%,0.22%,1.72%,2.98%
11343,Rakestraw,2781,81.48%,13.38%,0.18%,1.22%,1.87%,1.87%
11362,Roussel,2777,88.94%,5.76%,0.61%,0.22%,1.37%,3.10%
11368,Rusnak,2775,96.40%,(S),0.54%,(S),1.48%,1.23%
11380,Ritch,2771,89.03%,3.97%,0.47%,0.94%,1.80%,3.79%
11430,Ralls,2756,79.83%,11.50%,0.47%,1.16%,2.50%,4.54%
11443,Redfield,2752,79.83%,12.50%,1.09%,1.31%,2.73%,2.54%
11469,Ripple,2745,94.72%,(S),0.69%,(S),1.20%,2.73%
11512,Romanowski,2732,96.16%,(S),0.59%,(S),0.59%,2.42%
11537,Ritenour,2726,96.70%,(S),0.48%,(S),0.99%,1.47%
11543,Ryu,2723,2.06%,0.18%,96.00%,0.00%,1.32%,0.44%
11555,Rall,2720,86.29%,7.06%,1.91%,0.33%,1.65%,2.76%
11560,Rudder,2719,76.50%,16.73%,0.55%,0.85%,2.57%,2.80%
11578,Renninger,2715,95.76%,(S),0.55%,(S),1.88%,1.47%
11597,Ranney,2707,93.20%,1.44%,0.74%,0.55%,1.37%,2.70%
11642,Rabideau,2693,94.02%,0.48%,0.59%,1.67%,1.56%,1.67%
11653,Ruark,2690,93.72%,0.22%,1.64%,0.52%,2.08%,1.82%
11685,Rorie,2682,45.34%,50.19%,0.41%,0.48%,2.31%,1.27%
11688,Rotondo,2681,94.22%,(S),0.71%,(S),0.93%,3.95%
11704,Royston,2678,72.82%,21.14%,0.71%,0.19%,2.43%,2.73%
11728,Raj,2672,7.11%,0.86%,82.37%,0.60%,7.52%,1.53%
11728,Rioux,2672,95.25%,0.19%,0.64%,0.56%,1.65%,1.72%
11736,Reichel,2670,94.46%,0.41%,0.71%,0.22%,1.31%,2.88%
11736,Rockey,2670,95.28%,0.49%,0.67%,0.67%,1.20%,1.69%
11746,Rozell,2667,88.53%,5.47%,0.26%,1.76%,2.21%,1.76%
11783,Robeson,2659,81.99%,11.21%,0.64%,0.79%,1.96%,3.42%
11829,Rollo,2646,89.68%,0.79%,2.49%,0.57%,1.47%,4.99%
11968,Robitaille,2611,95.71%,0.23%,0.46%,0.61%,1.26%,1.72%
11971,Reinoso,2609,5.94%,0.54%,1.49%,(S),(S),91.84%
12005,Rahim,2601,19.61%,21.38%,44.75%,1.23%,10.00%,3.04%
12025,Ringo,2596,61.90%,30.43%,1.54%,0.50%,1.81%,3.81%
12035,Raja,2593,8.64%,(S),85.08%,(S),3.55%,1.97%
12059,Risher,2586,76.88%,17.52%,0.35%,0.46%,1.82%,2.98%
12072,Rogge,2583,92.80%,0.35%,1.05%,0.39%,2.44%,2.98%
12072,Ruckman,2583,93.46%,0.97%,0.50%,1.12%,2.25%,1.70%
12101,Richins,2575,94.52%,0.89%,0.54%,0.39%,1.63%,2.02%
12108,Reding,2574,92.39%,0.35%,0.35%,0.70%,1.24%,4.97%
12115,Rochon,2573,67.43%,19.90%,0.97%,0.89%,2.64%,8.16%
12140,Remillard,2566,95.95%,0.19%,0.47%,0.35%,1.21%,1.83%
12148,Rosato,2565,90.02%,(S),0.62%,(S),0.82%,7.95%
12208,Ragin,2551,14.31%,79.85%,(S),(S),2.23%,2.35%
12242,Rayo,2541,5.75%,0.83%,3.78%,(S),(S),89.22%
12285,Roundy,2531,94.55%,1.54%,0.59%,0.43%,0.83%,2.05%
12296,Ragusa,2528,90.43%,(S),2.89%,(S),1.58%,4.43%
12303,Revilla,2527,12.98%,0.28%,13.69%,0.28%,3.28%,69.49%
12307,Reider,2526,92.76%,1.74%,0.67%,0.40%,1.62%,2.81%
12323,Rickey,2523,91.40%,2.81%,0.87%,0.83%,1.78%,2.30%
12323,Růžička,2523,95.72%,(S),0.36%,(S),0.75%,2.77%
12328,Reason,2522,65.38%,28.27%,0.59%,0.48%,2.82%,2.46%
12328,Rundle,2522,94.41%,1.03%,0.32%,0.32%,0.95%,2.97%
12339,Rada,2520,57.58%,0.95%,10.08%,0.32%,1.63%,29.44%
12339,Rouleau,2520,92.66%,3.17%,0.48%,0.20%,1.71%,1.79%
12378,Richer,2513,92.64%,1.07%,0.56%,0.24%,1.75%,3.74%
12378,Roehl,2513,90.57%,0.52%,0.76%,4.34%,2.19%,1.63%
12393,Rosenzweig,2510,95.54%,0.40%,0.68%,0.00%,1.08%,2.31%
12417,Ranger,2504,76.36%,12.34%,1.08%,3.12%,2.00%,5.11%
12417,Rohrbaugh,2504,98.52%,(S),0.20%,(S),0.52%,0.64%
12476,Regnier,2488,91.64%,3.14%,0.68%,0.32%,1.61%,2.61%
12504,Rebolledo,2479,2.86%,0.20%,2.22%,(S),(S),94.59%
12519,Ratzlaff,2476,94.67%,0.24%,0.77%,0.44%,1.66%,2.22%
12560,Randles,2465,79.92%,12.62%,0.57%,0.61%,3.08%,3.20%
12560,Robichaux,2465,90.91%,5.11%,0.24%,0.45%,1.62%,1.66%
12566,Reichenbach,2463,95.98%,0.53%,0.32%,0.41%,1.14%,1.62%
12566,Riser,2463,74.34%,22.25%,(S),(S),1.71%,1.38%
12593,Roesler,2458,95.32%,1.06%,0.45%,0.33%,1.14%,1.71%
12597,Rasch,2457,91.53%,0.94%,1.10%,0.24%,2.08%,4.11%
12607,Ro,2455,12.30%,(S),78.21%,(S),2.53%,5.09%
12649,Ruffing,2446,91.66%,4.13%,(S),(S),1.23%,2.33%
12659,Rayfield,2443,83.38%,12.77%,0.37%,0.33%,1.43%,1.72%
12689,Ranck,2434,94.21%,1.07%,0.58%,0.49%,1.03%,2.63%
12703,Raulerson,2430,94.90%,1.44%,(S),(S),1.48%,1.48%
12703,Row,2430,85.43%,4.98%,4.44%,0.41%,2.02%,2.72%
12745,Reliford,2421,26.77%,67.62%,(S),(S),3.55%,1.73%
12760,Raimondi,2418,91.44%,0.54%,0.62%,(S),(S),6.82%
12795,Ryerson,2410,94.48%,0.83%,0.75%,0.33%,1.74%,1.87%
12802,Rolf,2409,94.27%,2.16%,0.42%,0.37%,0.79%,1.99%
12837,Rachel,2398,69.39%,23.23%,1.54%,0.67%,1.92%,3.25%
12842,Rieder,2397,96.79%,0.33%,0.58%,0.00%,1.04%,1.25%
12850,Rothermel,2396,96.24%,0.33%,0.25%,0.29%,0.79%,2.09%
12872,Rix,2391,91.97%,3.26%,0.67%,0.33%,1.67%,2.09%
12927,Riggleman,2378,97.18%,0.42%,0.38%,0.21%,0.59%,1.22%
12931,Rutan,2376,93.43%,1.05%,0.80%,0.38%,1.09%,3.24%
12948,Reimann,2372,94.18%,0.30%,0.93%,0.42%,1.69%,2.49%
12953,Rudnick,2371,95.70%,(S),0.67%,(S),0.80%,2.40%
12961,Rine,2370,94.26%,0.80%,1.18%,0.55%,0.84%,2.36%
12965,Roessler,2369,95.10%,(S),0.63%,(S),1.31%,2.62%
12968,Richerson,2368,74.24%,19.30%,0.42%,2.49%,1.48%,2.07%
12999,Rawlinson,2362,77.56%,16.17%,0.55%,0.21%,1.57%,3.94%
13088,Radabaugh,2344,96.59%,0.34%,0.43%,0.30%,0.98%,1.37%
13115,Reynosa,2337,5.01%,0.51%,0.34%,0.56%,0.39%,93.20%
13148,Riles,2328,39.35%,54.81%,(S),(S),3.05%,2.28%
13166,Retzlaff,2322,96.43%,0.30%,0.56%,0.30%,1.12%,1.29%
13195,Rizzuto,2316,94.30%,(S),0.65%,(S),0.86%,3.89%
13203,Renken,2315,93.69%,0.52%,1.43%,0.35%,1.30%,2.72%
13226,Rauscher,2310,96.10%,(S),1.13%,(S),0.82%,1.73%
13251,Raiford,2304,47.22%,48.26%,0.43%,0.65%,2.13%,1.30%
13271,Rodden,2298,93.73%,1.00%,0.91%,1.17%,1.61%,1.57%
13283,Renda,2296,92.07%,0.70%,0.91%,(S),(S),5.71%
13291,Rolling,2295,64.62%,30.50%,0.35%,0.22%,2.05%,2.27%
13316,Reamer,2291,91.53%,3.54%,0.35%,0.83%,2.18%,1.57%
13322,Rebello,2290,76.07%,0.66%,9.08%,0.22%,2.88%,11.09%
13383,Redondo,2276,13.31%,0.26%,6.63%,0.44%,0.40%,78.95%
13418,Rasco,2271,70.15%,11.23%,3.52%,0.66%,2.16%,12.29%
13427,Ropp,2270,95.77%,(S),0.93%,(S),1.10%,1.54%
13427,Ruane,2270,93.74%,0.70%,1.19%,0.48%,1.63%,2.25%
13431,Renard,2269,81.71%,10.75%,0.75%,0.57%,2.29%,3.92%
13435,Rosalez,2268,8.11%,0.93%,0.49%,0.75%,0.57%,89.15%
13440,Ratner,2266,95.32%,0.71%,(S),(S),1.10%,2.29%
13445,Rogel,2265,15.72%,0.35%,1.24%,(S),(S),82.25%
13456,Roten,2263,95.18%,1.15%,0.62%,0.27%,1.15%,1.63%
13477,Rathburn,2256,94.19%,(S),0.89%,(S),2.22%,2.26%
13564,Rainville,2236,94.32%,0.67%,0.49%,1.07%,1.48%,1.97%
13583,Reiman,2232,95.39%,(S),0.76%,(S),0.76%,2.37%
13597,Risch,2229,94.57%,(S),0.72%,(S),1.75%,2.56%
13612,Rowlands,2226,93.22%,0.90%,1.08%,0.31%,1.53%,2.96%
13627,Randhawa,2222,2.66%,(S),94.33%,(S),1.67%,0.90%
13660,Raskin,2216,94.09%,1.76%,0.99%,0.00%,1.04%,2.12%
13674,Re,2214,82.57%,4.70%,2.21%,0.50%,1.13%,8.90%
13682,Ros,2213,18.98%,1.27%,54.86%,0.00%,1.76%,23.14%
13727,Rutt,2205,93.42%,1.18%,1.59%,0.23%,0.91%,2.68%
13771,Rathbone,2197,94.40%,0.27%,0.77%,0.86%,1.55%,2.14%
13810,Rayborn,2189,82.05%,13.34%,0.50%,0.73%,1.51%,1.87%
13862,Rollings,2180,85.09%,10.50%,0.46%,0.73%,1.51%,1.70%
13874,Reisman,2177,96.88%,(S),0.46%,(S),0.64%,1.42%
13887,Ruggieri,2174,96.60%,(S),0.46%,(S),0.37%,2.30%
13967,Rabin,2159,91.80%,1.85%,1.67%,0.23%,0.93%,3.52%
13991,Rumbaugh,2154,94.48%,0.28%,1.02%,0.46%,2.23%,1.53%
14014,Randel,2149,78.78%,10.84%,2.28%,0.42%,1.26%,6.42%
14014,Rentas,2149,9.17%,1.91%,(S),(S),0.23%,88.27%
14014,Rohn,2149,91.81%,2.28%,(S),(S),1.63%,3.26%
14096,Ruder,2132,93.71%,(S),1.22%,(S),1.31%,3.05%
14105,Raman,2131,8.78%,2.16%,81.04%,0.38%,5.26%,2.39%
14127,Renwick,2127,81.29%,12.79%,1.18%,0.94%,1.46%,2.35%
14139,Riel,2125,85.32%,0.89%,8.19%,0.28%,2.45%,2.87%
14139,Riney,2125,85.36%,9.93%,0.52%,0.38%,2.16%,1.65%
14152,Renick,2123,93.45%,1.27%,0.47%,1.32%,0.89%,2.59%
14160,Roloff,2121,95.33%,(S),0.75%,(S),1.37%,2.07%
14160,Rotter,2121,93.02%,0.99%,0.85%,0.28%,1.37%,3.49%
14172,Roose,2119,93.91%,(S),1.09%,(S),1.84%,1.93%
14197,Riggio,2115,92.72%,0.71%,0.71%,0.33%,0.95%,4.59%
14201,Roser,2114,93.14%,1.28%,(S),(S),0.99%,3.60%
14223,Raine,2109,73.02%,19.58%,0.76%,0.81%,3.08%,2.75%
14286,Richeson,2096,91.08%,2.53%,0.48%,0.33%,2.72%,2.86%
14299,Rago,2093,88.58%,(S),4.30%,(S),1.67%,4.40%
14307,Rakowski,2092,96.80%,(S),(S),0.33%,0.76%,1.67%
14312,Replogle,2091,94.74%,(S),(S),1.00%,1.82%,1.58%
14338,Redick,2087,80.26%,12.31%,0.86%,0.43%,2.11%,4.02%
14342,Rogowski,2086,96.88%,(S),0.43%,(S),0.58%,1.87%
14358,Ratchford,2083,68.70%,25.54%,0.62%,1.30%,2.16%,1.68%
14409,Ramachandran,2074,1.64%,0.29%,95.66%,0.43%,1.74%,0.24%
14409,Ridgley,2074,74.35%,18.08%,(S),(S),2.60%,3.23%
14427,Restivo,2071,95.51%,0.43%,0.34%,0.24%,0.92%,2.56%
14434,Rubi,2070,9.28%,(S),7.83%,(S),0.39%,81.93%
14458,Ruck,2066,88.63%,4.65%,0.68%,0.53%,1.21%,4.31%
14465,Reichman,2065,95.59%,0.63%,0.39%,0.29%,1.11%,1.99%
14495,Rarick,2058,94.12%,0.68%,1.51%,0.29%,1.36%,2.04%
14523,Ruppel,2053,96.69%,(S),0.39%,(S),0.68%,1.85%
14537,Reasoner,2050,93.56%,1.27%,0.44%,0.39%,2.00%,2.34%
