Rank,Name,Count,White,Black,API,AIAN,2+ Races,Hispanic,,
22,Pérez,681645,4.96%,0.45%,1.17%,0.20%,0.26%,92.95%,,
52,Phillips,360802,76.69%,17.09%,0.58%,1.03%,2.17%,2.44%,,
56,Parker,336221,69.17%,24.79%,0.54%,0.88%,2.35%,2.26%,,
71,Peterson,278297,84.39%,10.09%,0.66%,0.74%,1.72%,2.40%,,
91,Price,235251,73.93%,20.51%,0.51%,0.66%,2.14%,2.24%,,
95,Patel,229973,2.10%,0.38%,94.78%,0.65%,1.65%,0.44%,,
101,Powell,224874,67.20%,27.12%,0.46%,0.62%,2.29%,2.31%,,
103,Perry,221741,68.32%,25.20%,0.57%,0.81%,2.43%,2.67%,,
117,Patterson,205423,67.27%,26.80%,0.47%,0.68%,2.35%,2.43%,,
159,Porter,163054,68.57%,25.40%,0.55%,0.72%,2.31%,2.45%,,
172,Palmer,156601,75.08%,18.57%,0.55%,0.81%,2.11%,2.87%,,
195,Payne,142601,71.55%,22.63%,0.45%,0.58%,2.37%,2.42%,,
202,Pierce,138629,80.98%,12.86%,0.53%,1.06%,2.10%,2.47%,,
205,Peters,137513,82.86%,10.41%,0.98%,1.33%,1.86%,2.55%,,
223,Perkins,131440,69.45%,24.60%,0.53%,0.73%,2.33%,2.37%,,
227,Peña,130776,5.34%,0.52%,1.09%,0.31%,0.24%,92.50%,,
289,Park,106696,23.34%,0.79%,72.98%,0.16%,1.74%,1.00%,,
293,Padilla,105365,6.15%,0.40%,2.10%,0.79%,0.41%,90.16%,,
308,Pearson,101836,72.14%,22.51%,0.56%,0.41%,2.14%,2.24%,,
336,Powers,91970,89.60%,5.15%,0.65%,0.55%,1.65%,2.39%,,
354,Parks,88586,69.39%,24.91%,0.59%,0.67%,2.38%,2.06%,,
370,Pham,84320,0.90%,0.20%,96.33%,0.03%,1.81%,0.72%,,
383,Page,82992,75.12%,18.93%,0.66%,0.65%,2.02%,2.62%,,
415,Paul,78256,66.99%,20.13%,6.25%,2.05%,1.92%,2.67%,,
419,Pacheco,77642,15.32%,0.57%,1.16%,0.72%,0.81%,81.43%,,
457,Potter,72175,89.07%,5.13%,0.56%,0.78%,1.96%,2.50%,,
496,Person,67411,45.58%,34.51%,4.14%,1.12%,1.78%,12.88%,,
498,Parsons,67310,91.09%,3.60%,0.60%,0.67%,1.75%,2.27%,,
506,Patton,66293,73.05%,20.90%,0.49%,0.88%,2.25%,2.44%,,
528,Pope,63881,70.83%,23.77%,0.47%,0.61%,2.13%,2.19%,,
541,Pratt,61671,78.04%,15.69%,0.62%,1.00%,2.02%,2.63%,,
552,Patrick,60845,73.73%,20.35%,0.73%,1.03%,2.01%,2.15%,,
553,Pineda,60820,3.29%,0.32%,5.28%,0.12%,0.32%,90.67%,,
571,Petersen,58480,93.42%,1.33%,0.76%,0.44%,1.55%,2.51%,,
604,Poole,56226,72.56%,22.71%,0.48%,0.42%,1.97%,1.85%,,
619,Pittman,55021,63.55%,31.31%,0.36%,0.65%,2.14%,1.99%,,
657,Phelps,52044,85.10%,9.68%,0.52%,0.60%,1.82%,2.29%,,
693,Pitts,49740,63.23%,31.35%,0.46%,0.51%,2.33%,2.12%,,
694,Parrish,49733,80.21%,14.18%,0.49%,1.26%,1.84%,2.01%,,
695,Ponce,49549,5.13%,0.38%,2.03%,0.21%,0.36%,91.89%,,
736,Preston,47367,73.18%,20.40%,0.57%,1.05%,2.30%,2.49%,,
743,Prince,47168,66.42%,26.45%,0.71%,0.92%,2.36%,3.14%,,
777,Pruitt,44365,73.19%,21.50%,0.32%,0.71%,2.27%,2.01%,,
789,Palacios,43798,4.28%,0.40%,0.87%,0.15%,0.24%,94.05%,,
846,Pennington,40854,87.86%,7.23%,0.41%,0.53%,1.76%,2.20%,,
864,Peck,40055,90.68%,3.60%,0.90%,0.50%,1.68%,2.64%,,
868,Pace,39879,78.26%,16.49%,0.67%,0.51%,1.71%,2.35%,,
879,Pugh,39559,67.24%,28.07%,0.45%,0.43%,1.98%,1.82%,,
902,Potts,38277,79.56%,14.31%,0.55%,1.32%,1.99%,2.28%,,
914,Portillo,37890,4.13%,0.45%,0.39%,0.17%,0.11%,94.76%,,
918,Phan,37836,1.28%,0.19%,95.83%,0.03%,2.01%,0.65%,,
943,Parra,36765,6.45%,0.30%,0.41%,0.35%,0.20%,92.29%,,
949,Peralta,36585,5.17%,0.42%,7.18%,0.33%,0.88%,86.03%,,
974,Pollard,35749,62.77%,31.39%,0.55%,0.57%,2.40%,2.33%,,
977,Proctor,35636,70.12%,21.55%,0.53%,2.44%,3.11%,2.25%,,
1005,Petty,34882,73.43%,20.99%,0.52%,0.50%,2.16%,2.40%,,
1026,Pierre,33913,7.05%,86.74%,0.31%,0.92%,2.23%,2.75%,,
1108,Pickett,31611,65.61%,29.23%,0.41%,0.48%,2.08%,2.19%,,
1129,Pearce,31060,88.57%,6.19%,0.62%,0.68%,1.74%,2.20%,,
1175,Pereira,29898,57.92%,4.09%,4.97%,0.26%,1.82%,30.93%,,
1208,Pate,29327,80.28%,14.15%,0.88%,0.91%,1.92%,1.85%,,
1254,Pierson,27983,84.30%,10.02%,0.54%,0.48%,2.01%,2.65%,,
1263,Pryor,27805,60.17%,34.03%,0.42%,0.65%,2.69%,2.04%,,
1273,Puckett,27627,89.08%,6.29%,0.52%,0.59%,1.76%,1.75%,,
1287,Paredes,27274,4.83%,0.33%,3.13%,0.10%,0.33%,91.28%,,
1296,Polk,27094,45.48%,47.96%,0.66%,1.09%,2.46%,2.35%,,
1318,Pike,26655,92.52%,1.86%,0.69%,1.34%,1.36%,2.22%,,
1382,Plummer,25596,68.97%,24.69%,0.44%,1.37%,2.13%,2.41%,,
1384,Paz,25574,7.43%,0.32%,2.98%,0.22%,0.43%,88.62%,,
1397,Padgett,25413,88.68%,6.66%,0.40%,0.56%,1.69%,2.00%,,
1403,Piña,25293,10.37%,4.99%,0.57%,0.78%,0.99%,82.31%,,
1515,Payton,23670,53.59%,39.93%,0.36%,0.86%,2.90%,2.36%,,
1519,Phipps,23610,81.79%,12.53%,0.55%,0.58%,1.87%,2.69%,,
1522,Poe,23563,80.15%,12.52%,2.32%,0.82%,2.15%,2.05%,,
1523,Pritchard,23549,88.65%,6.17%,0.87%,0.39%,1.72%,2.19%,,
1528,Pagan,23474,11.99%,2.07%,0.71%,0.09%,0.54%,84.60%,,
1530,Post,23458,93.77%,1.27%,0.66%,0.70%,1.59%,2.01%,,
1533,Prado,23436,7.29%,0.42%,3.00%,0.15%,0.29%,88.85%,,
1543,Pollock,23310,87.00%,7.12%,0.68%,0.58%,1.46%,3.16%,,
1599,Purcell,22383,86.70%,6.81%,1.34%,0.50%,1.86%,2.79%,,
1607,Piper,22329,86.35%,8.04%,0.68%,0.93%,1.85%,2.15%,,
1641,Painter,21969,94.12%,1.04%,0.66%,0.84%,1.54%,1.79%,,
1659,Peacock,21712,83.59%,10.99%,0.53%,0.78%,1.87%,2.24%,,
1671,Pimentel,21579,19.85%,0.70%,4.21%,0.14%,0.90%,74.21%,,
1687,Pinto,21366,50.01%,2.76%,4.92%,3.15%,1.30%,37.85%,,
1705,Patiño,21113,6.34%,0.27%,0.79%,0.11%,0.28%,92.21%,,
1735,Palma,20636,20.07%,0.80%,5.64%,0.19%,0.78%,72.53%,,
1773,Posey,20263,72.87%,21.85%,0.34%,1.10%,2.12%,1.72%,,
1780,Pedersen,20135,94.35%,0.34%,0.79%,0.47%,1.74%,2.30%,,
1789,Paige,20063,41.68%,52.06%,0.52%,0.37%,3.07%,2.31%,,
1820,Polanco,19688,3.67%,0.73%,0.44%,0.14%,0.17%,94.85%,,
1833,Prieto,19520,7.40%,0.57%,1.37%,0.28%,0.29%,90.09%,,
1839,Prater,19484,81.20%,13.76%,0.41%,0.78%,1.99%,1.86%,,
1849,Penn,19409,50.56%,38.50%,1.80%,1.27%,3.39%,4.49%,,
1856,Pritchett,19334,68.23%,25.17%,0.38%,1.92%,2.30%,2.00%,,
1857,Paulson,19331,94.30%,0.59%,1.08%,0.52%,1.37%,2.15%,,
1892,Pettit,19004,91.15%,2.84%,0.66%,1.12%,1.72%,2.53%,,
1894,Pulido,18942,4.77%,0.22%,3.57%,0.21%,0.43%,90.80%,,
1932,Pack,18678,83.14%,10.27%,1.55%,0.92%,1.70%,2.41%,,
1935,Peoples,18672,38.13%,55.86%,0.28%,0.45%,3.11%,2.16%,,
1968,Presley,18384,75.28%,19.26%,0.49%,0.95%,2.18%,1.84%,,
1971,Putnam,18340,93.78%,1.59%,0.68%,0.46%,1.46%,2.03%,,
2006,Platt,18022,86.57%,7.75%,0.49%,0.55%,2.09%,2.55%,,
2026,Pelletier,17808,95.10%,0.32%,0.55%,0.48%,1.27%,2.29%,,
2033,Paris,17707,75.24%,12.01%,1.65%,0.55%,2.23%,8.33%,,
2134,Prescott,16975,78.20%,14.36%,1.04%,0.85%,2.42%,3.13%,,
2168,Pendleton,16751,72.94%,21.05%,0.66%,0.88%,2.07%,2.41%,,
2177,Purvis,16686,78.95%,16.55%,0.41%,0.34%,1.82%,1.93%,,
2195,Pickens,16577,56.49%,38.03%,0.43%,0.73%,2.40%,1.91%,,
2198,Pappas,16559,94.25%,0.41%,0.68%,0.19%,1.04%,3.43%,,
2211,Perdue,16464,80.50%,14.49%,0.39%,0.63%,2.00%,1.98%,,
2239,Parr,16286,87.69%,4.84%,1.91%,0.68%,2.06%,2.81%,,
2298,Prather,15860,75.04%,19.09%,0.44%,0.92%,2.40%,2.11%,,
2302,Parham,15846,46.40%,47.41%,0.62%,0.42%,2.66%,2.49%,,
2383,Pantoja,15249,3.65%,0.35%,0.66%,0.07%,0.16%,95.13%,,
2389,Pyle,15180,93.11%,1.61%,0.65%,0.63%,1.55%,2.45%,,
2396,Purdy,15126,88.00%,4.97%,1.25%,0.41%,2.70%,2.67%,,
2420,Puente,14966,5.88%,0.23%,0.18%,0.43%,0.13%,93.14%,,
2430,Priest,14915,88.11%,6.11%,0.56%,0.60%,2.02%,2.59%,,
2435,Power,14890,90.50%,3.82%,0.80%,0.52%,1.71%,2.65%,,
2467,Perales,14593,5.84%,0.33%,0.64%,0.12%,0.16%,92.90%,,
2475,Parnell,14560,76.94%,17.32%,0.45%,1.28%,2.01%,2.00%,,
2498,Parish,14466,81.36%,12.15%,0.63%,1.41%,2.14%,2.31%,,
2520,Pederson,14370,94.78%,0.30%,0.62%,0.94%,1.49%,1.87%,,
2601,Pfeiffer,13851,95.15%,0.35%,0.77%,0.27%,1.28%,2.19%,,
2620,Parrott,13753,84.02%,11.34%,0.58%,0.41%,1.74%,1.91%,,
2644,Pruett,13618,91.61%,2.17%,0.59%,0.59%,1.91%,3.12%,,
2653,Pickering,13582,87.56%,6.36%,0.72%,0.86%,1.81%,2.69%,,
2669,Pool,13505,82.89%,7.63%,0.43%,0.76%,1.85%,6.44%,,
2713,Pressley,13281,53.93%,41.60%,0.33%,0.36%,1.90%,1.87%,,
2727,Parson,13209,59.60%,32.46%,0.60%,0.76%,2.66%,3.92%,,
2750,Pringle,13115,54.53%,39.29%,0.52%,0.59%,2.25%,2.82%,,
2751,Padrón,13114,6.02%,0.43%,1.07%,0.21%,0.20%,92.08%,,
2790,Pease,12937,91.41%,2.57%,0.49%,1.73%,1.58%,2.22%,,
2829,Pedraza,12748,4.55%,0.30%,0.58%,0.28%,0.20%,94.09%,,
2839,Parris,12710,66.00%,25.41%,0.54%,1.27%,2.79%,4.00%,,
2847,Pan,12664,2.61%,0.46%,94.02%,0.07%,1.63%,1.22%,,
2883,Preciado,12455,4.18%,0.31%,0.32%,0.25%,0.09%,94.86%,,
2962,Porras,12106,7.24%,0.17%,1.61%,0.40%,0.27%,90.30%,,
2965,Pence,12101,94.89%,0.72%,0.48%,0.52%,1.50%,1.89%,,
2998,Pascual,11959,5.40%,0.36%,37.42%,0.37%,3.06%,53.39%,,
3000,Persaud,11956,10.22%,20.54%,51.83%,3.70%,8.94%,4.77%,,
3044,Ponder,11764,66.66%,28.12%,0.51%,0.51%,2.09%,2.11%,,
3049,Paxton,11754,86.18%,8.09%,0.56%,0.73%,2.14%,2.29%,,
3059,Patten,11730,84.83%,8.90%,1.03%,1.04%,2.19%,2.01%,,
3099,Pulliam,11613,66.49%,27.71%,0.48%,1.02%,2.51%,1.79%,,
3121,Perrin,11550,80.64%,13.87%,0.75%,0.58%,2.33%,1.83%,,
3124,Perea,11546,10.83%,0.42%,1.97%,0.89%,0.36%,85.54%,,
3129,Poindexter,11531,51.49%,41.58%,0.40%,0.95%,3.44%,2.14%,,
3142,Paulino,11500,10.25%,1.38%,7.83%,0.13%,1.40%,79.00%,,
3178,Pepper,11374,89.09%,5.15%,0.71%,0.62%,1.90%,2.53%,,
3207,Pemberton,11272,78.14%,15.03%,0.35%,1.67%,2.05%,2.76%,,
3211,Paulsen,11243,94.45%,0.36%,0.83%,0.71%,1.43%,2.21%,,
3225,Parent,11193,92.70%,1.90%,0.74%,0.89%,1.77%,1.99%,,
3249,Pardo,11104,20.48%,1.52%,1.88%,0.14%,0.51%,75.46%,,
3263,Peek,11062,84.67%,10.11%,0.45%,0.53%,2.00%,2.24%,,
3285,Palumbo,11005,94.91%,0.32%,0.65%,0.05%,0.98%,3.09%,,
3288,Pino,10993,28.27%,1.54%,1.81%,7.28%,0.76%,60.34%,,
3297,Pedroza,10918,4.60%,0.18%,0.33%,0.14%,0.16%,94.59%,,
3308,Pak,10846,3.78%,(S),92.02%,(S),3.10%,0.88%,,
3317,Pauley,10809,92.45%,3.10%,0.44%,0.47%,1.33%,2.20%,,
3335,Plunkett,10758,85.34%,8.47%,1.13%,0.58%,2.13%,2.35%,,
3374,Peng,10575,2.61%,0.38%,76.04%,0.05%,1.24%,19.69%,,
3375,Pichardo,10572,3.42%,0.58%,0.22%,0.21%,0.09%,95.49%,,
3381,Pullen,10565,78.03%,16.79%,0.50%,0.56%,1.86%,2.25%,,
3382,Phelan,10562,92.98%,1.30%,0.64%,0.77%,1.44%,2.87%,,
3383,Parry,10555,90.79%,3.21%,1.15%,0.41%,1.77%,2.67%,,
3420,Páez,10433,6.00%,0.29%,3.04%,0.12%,0.35%,90.19%,,
3434,Poston,10396,84.22%,11.25%,0.52%,0.45%,1.79%,1.76%,,
3455,Paniagua,10340,3.47%,0.18%,0.30%,0.15%,0.12%,95.78%,,
3477,Peyton,10276,75.21%,19.29%,0.71%,0.44%,2.45%,1.90%,,
3485,Penny,10249,71.89%,21.44%,0.60%,0.78%,2.41%,2.88%,,
3533,Pfeifer,10109,94.18%,1.14%,0.63%,0.33%,1.15%,2.57%,,
3548,Perdomo,10058,4.79%,0.51%,0.12%,0.21%,0.20%,94.17%,,
3589,Partridge,9909,87.10%,6.58%,0.66%,0.80%,2.37%,2.49%,,
3637,Parkinson,9767,87.21%,7.87%,0.61%,0.59%,1.59%,2.12%,,
3699,Paquette,9606,95.47%,0.49%,0.44%,0.62%,1.05%,1.93%,,
3733,Packard,9494,91.73%,2.74%,0.73%,1.11%,1.75%,1.95%,,
3747,Poirier,9453,94.29%,0.78%,0.59%,0.56%,1.77%,2.01%,,
3748,Perryman,9443,61.43%,30.26%,0.53%,1.25%,3.08%,3.45%,,
3800,Palomino,9313,6.21%,0.94%,0.25%,0.32%,0.26%,92.02%,,
3847,Proffitt,9202,94.40%,1.78%,0.36%,0.45%,1.49%,1.52%,,
3859,Peter,9191,71.28%,8.01%,12.02%,3.70%,2.08%,2.92%,,
3873,Pitt,9151,65.72%,28.44%,0.69%,0.63%,1.96%,2.56%,,
3924,Putman,9058,87.06%,8.08%,0.56%,0.61%,1.61%,2.08%,,
3928,Pickard,9053,88.61%,6.11%,0.56%,0.53%,1.54%,2.65%,,
3930,Pond,9052,90.97%,2.17%,1.38%,1.16%,1.45%,2.87%,,
3933,Packer,9048,81.81%,13.17%,0.57%,0.55%,1.71%,2.18%,,
3959,Pollack,8977,93.02%,1.85%,0.80%,0.13%,1.02%,3.17%,,
3973,Popp,8947,95.67%,0.37%,0.76%,0.19%,1.02%,1.99%,,
4002,Partida,8878,3.72%,0.18%,0.45%,0.36%,0.17%,95.12%,,
4021,Peebles,8843,67.05%,27.40%,0.45%,0.60%,2.34%,2.16%,,
4022,Peace,8841,70.06%,23.87%,0.58%,0.49%,2.56%,2.45%,,
4062,Provost,8742,84.20%,9.55%,0.40%,1.85%,1.42%,2.57%,,
4076,Peak,8713,77.38%,14.54%,2.30%,0.95%,1.96%,2.87%,,
4079,Plascencia,8710,1.99%,0.08%,0.10%,0.07%,0.07%,97.69%,,
4087,Peterman,8690,90.72%,4.13%,0.61%,0.59%,1.76%,2.19%,,
4089,Pannell,8687,65.42%,28.97%,0.33%,0.55%,2.72%,2.00%,,
4103,Parada,8649,9.21%,0.44%,1.68%,0.27%,0.20%,88.21%,,
4107,Prasad,8638,3.84%,1.54%,78.97%,0.54%,13.21%,1.90%,,
4159,Petrie,8520,91.01%,3.99%,0.45%,0.31%,1.65%,2.59%,,
4171,Paine,8501,90.01%,3.07%,0.96%,0.64%,1.93%,3.39%,,
4186,Pagano,8465,92.17%,0.28%,0.63%,0.18%,0.71%,6.04%,,
4195,Pinkerton,8446,90.99%,3.39%,0.82%,0.96%,1.81%,2.04%,,
4197,Purnell,8441,31.94%,62.22%,0.56%,0.33%,3.10%,1.85%,,
4218,Pelayo,8402,3.44%,0.38%,4.78%,0.20%,0.42%,90.78%,,
4220,Palacio,8400,7.56%,3.62%,5.29%,0.63%,1.26%,81.64%,,
4232,Piazza,8372,92.68%,0.74%,0.68%,0.22%,0.94%,4.74%,,
4234,Prewitt,8371,75.74%,19.47%,0.39%,0.81%,1.72%,1.86%,,
4259,Parisi,8326,93.47%,0.26%,1.04%,0.14%,1.03%,4.05%,,
4287,Partin,8296,93.08%,2.48%,0.46%,0.57%,1.65%,1.76%,,
4292,Pinkston,8291,67.31%,27.56%,0.30%,0.49%,2.06%,2.27%,,
4312,Prosser,8244,88.14%,7.16%,0.55%,0.46%,1.87%,1.83%,,
4315,Poore,8240,91.24%,3.20%,0.63%,0.46%,1.71%,2.75%,,
4348,Palermo,8165,89.42%,0.24%,1.46%,0.20%,0.93%,7.75%,,
4378,Pendergrass,8123,74.22%,20.82%,0.26%,0.94%,1.80%,1.97%,,
4435,Pulley,8007,68.79%,25.79%,0.62%,0.50%,2.35%,1.95%,,
4458,Pettigrew,7958,60.73%,30.77%,0.45%,2.51%,3.20%,2.32%,,
4491,Picard,7898,87.52%,2.24%,0.84%,2.17%,1.90%,5.34%,,
4505,Prentice,7874,83.79%,9.17%,0.65%,1.05%,2.27%,3.06%,,
4549,Pitman,7789,88.64%,5.89%,0.69%,0.82%,1.68%,2.27%,,
4558,Poling,7779,94.37%,0.36%,0.77%,0.35%,1.26%,2.89%,,
4581,Poland,7746,90.68%,4.09%,0.77%,0.45%,1.59%,2.41%,,
4583,Plante,7744,93.12%,1.28%,0.43%,1.06%,1.46%,2.66%,,
4622,Pyles,7677,82.23%,12.60%,0.66%,0.40%,2.21%,1.89%,,
4642,Pastor,7647,43.40%,1.78%,6.71%,0.09%,1.01%,47.01%,,
4645,Pang,7642,3.93%,0.48%,86.97%,0.00%,6.23%,2.39%,,
4687,Pearl,7570,83.79%,9.92%,1.11%,0.44%,2.06%,2.68%,,
4711,Puentes,7528,4.42%,0.24%,0.61%,0.20%,0.21%,94.31%,,
4724,Parikh,7506,2.30%,0.19%,94.66%,0.28%,2.21%,0.36%,,
4732,Peeples,7499,59.65%,35.91%,0.40%,0.29%,1.92%,1.83%,,
4734,Pogue,7493,81.01%,12.18%,0.61%,1.15%,1.94%,3.11%,,
4741,Palomo,7478,6.42%,0.45%,4.21%,0.25%,0.82%,87.84%,,
4746,Piatt,7463,89.48%,4.94%,0.83%,0.66%,1.57%,2.52%,,
4751,Posada,7454,5.58%,0.25%,0.66%,0.19%,0.28%,93.04%,,
4752,Pointer,7453,47.19%,47.36%,0.24%,0.44%,3.09%,1.68%,,
4755,Pizarro,7446,6.33%,2.39%,5.88%,0.13%,0.48%,84.78%,,
4781,Pellegrino,7398,94.65%,0.24%,0.39%,0.19%,0.88%,3.65%,,
4791,Pleasant,7378,36.53%,54.92%,0.33%,1.61%,3.56%,3.05%,,
4792,Pomeroy,7377,93.99%,0.33%,0.88%,0.94%,1.74%,2.13%,,
4800,Pinson,7362,75.70%,17.14%,0.69%,0.56%,1.96%,3.95%,,
4807,Pettis,7354,52.96%,40.29%,0.24%,0.33%,2.86%,3.32%,,
4818,Pippin,7326,90.35%,4.16%,0.45%,0.76%,2.05%,2.22%,,
4862,Place,7251,93.41%,1.14%,0.87%,0.40%,1.64%,2.54%,,
4908,Pride,7172,41.06%,52.84%,0.31%,0.45%,3.12%,2.22%,,
4915,Phung,7155,1.02%,0.11%,96.86%,0.00%,1.33%,0.68%,,
4927,Peltier,7140,81.86%,3.22%,0.81%,8.80%,3.04%,2.27%,,
4964,Palomares,7084,3.90%,0.13%,3.33%,0.16%,0.28%,92.21%,,
4977,Puga,7056,5.16%,0.68%,0.40%,0.14%,0.14%,93.48%,,
4986,Palm,7041,84.38%,8.90%,0.89%,0.24%,2.02%,3.56%,,
4990,Paterson,7035,84.21%,10.29%,0.81%,0.40%,1.79%,2.50%,,
5003,Peñaloza,7026,2.15%,0.13%,1.71%,0.07%,0.26%,95.69%,,
5055,Piñon,6938,6.21%,0.29%,1.79%,0.22%,0.23%,91.27%,,
5081,Poulin,6892,95.53%,0.35%,0.58%,0.42%,1.19%,1.93%,,
5095,Penrod,6867,94.38%,0.29%,0.57%,0.55%,1.66%,2.55%,,
5103,Pieper,6860,94.85%,0.25%,0.76%,0.28%,1.31%,2.55%,,
5108,Phillip,6857,27.50%,55.80%,5.96%,3.60%,3.60%,3.53%,,
5118,Philips,6840,73.73%,16.10%,4.55%,0.77%,2.16%,2.69%,,
5121,Pounds,6838,68.24%,26.24%,0.50%,0.54%,2.56%,1.93%,,
5147,Pinckney,6800,24.44%,70.53%,0.29%,0.26%,2.25%,2.22%,,
5154,Prior,6787,87.67%,5.82%,0.80%,0.74%,1.97%,3.01%,,
5160,Porterfield,6780,80.99%,14.84%,0.35%,0.35%,1.62%,1.84%,,
5246,Pedro,6649,35.40%,5.32%,8.32%,5.26%,3.56%,42.13%,,
5247,Peel,6647,86.07%,9.30%,0.51%,0.45%,1.26%,2.41%,,
5257,Pitre,6637,66.42%,19.45%,0.87%,0.86%,2.05%,10.35%,,
5262,Pabón,6630,8.52%,2.10%,1.00%,0.08%,0.35%,87.96%,,
5284,Pine,6592,86.36%,3.41%,1.96%,3.20%,1.85%,3.22%,,
5331,Plank,6534,95.59%,0.18%,0.49%,0.54%,1.16%,2.04%,,
5369,Pohl,6485,90.16%,0.23%,0.93%,0.37%,1.37%,6.94%,,
5384,Pablo,6462,3.40%,1.44%,21.02%,12.60%,2.77%,58.77%,,
5403,Payan,6443,10.66%,0.93%,0.90%,0.09%,0.39%,87.02%,,
5438,Prichard,6400,92.33%,2.77%,0.64%,0.52%,1.45%,2.30%,,
5456,Pinkney,6378,10.11%,83.35%,0.25%,0.30%,3.48%,2.51%,,
5463,Perrone,6368,92.45%,0.42%,0.60%,0.24%,0.77%,5.53%,,
5477,Pape,6350,94.96%,0.99%,0.31%,0.24%,1.13%,2.36%,,
5485,Pender,6340,65.69%,29.35%,0.57%,0.33%,1.77%,2.29%,,
5498,Pfaff,6331,95.61%,0.16%,0.74%,0.58%,1.03%,1.88%,,
5508,Parsley,6315,91.58%,3.69%,0.35%,0.35%,1.74%,2.30%,,
5510,Passmore,6314,78.75%,15.73%,0.55%,0.81%,1.87%,2.30%,,
5522,Palmieri,6296,93.87%,0.21%,0.56%,0.14%,0.70%,4.53%,,
5535,Pilgrim,6275,74.58%,18.69%,0.67%,0.69%,2.18%,3.19%,,
5539,Pitcher,6272,90.94%,4.05%,0.57%,0.43%,1.93%,2.07%,,
5540,Probst,6271,94.20%,0.49%,0.73%,0.41%,1.61%,2.55%,,
5633,Pennell,6170,93.86%,1.46%,0.47%,0.37%,1.57%,2.27%,,
5675,Paradis,6113,94.41%,0.36%,0.56%,0.21%,1.18%,3.29%,,
5692,Petit,6090,73.68%,18.70%,0.51%,0.46%,1.64%,5.01%,,
5709,Paschal,6075,63.46%,29.30%,2.26%,0.58%,2.58%,1.83%,,
5709,Plaza,6075,19.26%,1.76%,4.08%,0.10%,0.79%,74.01%,,
5719,Pinedo,6065,4.73%,(S),0.25%,(S),0.20%,94.61%,,
5739,Parton,6039,91.36%,1.74%,1.04%,2.10%,1.54%,2.22%,,
5768,Papa,6005,82.66%,(S),11.22%,(S),1.32%,4.00%,,
5811,Peraza,5949,5.46%,0.50%,0.57%,(S),(S),93.26%,,
5821,Pardue,5940,90.37%,5.07%,0.42%,0.67%,1.36%,2.10%,,
5890,Plant,5858,83.20%,10.28%,0.44%,1.33%,1.40%,3.35%,,
5901,Peeler,5848,79.87%,16.09%,0.48%,0.48%,1.49%,1.59%,,
5910,Philip,5832,29.97%,15.81%,49.78%,0.46%,2.28%,1.70%,,
5929,Peláez,5810,6.95%,0.48%,2.94%,0.00%,0.28%,89.35%,,
5936,Prendergast,5800,87.62%,7.64%,0.59%,0.24%,1.50%,2.41%,,
5945,Palafox,5793,3.57%,0.16%,3.81%,0.22%,0.91%,91.32%,,
5957,Petro,5777,93.39%,1.54%,0.62%,0.21%,1.14%,3.10%,,
5980,Pelton,5753,92.44%,2.85%,0.61%,0.66%,1.10%,2.35%,,
5982,Penney,5752,90.06%,3.25%,0.78%,1.16%,2.17%,2.57%,,
5986,Pires,5746,71.65%,15.32%,2.63%,0.59%,3.20%,6.61%,,
6024,Parkhurst,5708,93.89%,0.12%,0.51%,1.66%,1.63%,2.19%,,
6051,Phifer,5671,56.43%,37.77%,0.46%,0.65%,2.65%,2.05%,,
6070,Pierre-Louis,5653,1.20%,93.17%,0.27%,0.14%,2.87%,2.35%,,
6119,Pipkin,5604,73.29%,21.11%,0.39%,0.61%,1.68%,2.93%,,
6127,Pridgen,5591,65.32%,30.28%,0.43%,0.47%,2.18%,1.32%,,
6133,Priddy,5586,92.43%,2.24%,0.52%,0.66%,1.45%,2.70%,,
6160,Philpot,5558,70.40%,24.49%,0.45%,0.63%,2.45%,1.58%,,
6175,Perrine,5541,92.22%,1.50%,1.06%,0.38%,1.71%,3.12%,,
6178,Petry,5538,88.44%,6.97%,0.43%,0.27%,1.34%,2.55%,,
6206,Paulk,5511,67.76%,21.25%,3.43%,0.47%,2.83%,4.26%,,
6283,Pfister,5441,95.07%,0.46%,0.57%,0.26%,1.40%,2.24%,,
6290,Plata,5432,15.56%,0.90%,3.15%,0.33%,0.52%,79.55%,,
6313,Pepe,5405,93.01%,1.50%,0.94%,0.13%,0.80%,3.63%,,
6329,Pilcher,5391,87.39%,6.38%,0.56%,1.98%,1.48%,2.21%,,
6363,Penner,5349,92.52%,1.38%,0.90%,0.50%,1.61%,3.08%,,
6367,Peabody,5345,91.45%,3.35%,0.65%,1.05%,1.25%,2.25%,,
6384,Pawlowski,5332,95.46%,0.13%,0.38%,0.30%,1.18%,2.55%,,
6384,Piotrowski,5332,95.72%,0.23%,0.71%,0.13%,1.14%,2.06%,,
6400,Pirtle,5315,68.99%,24.76%,0.51%,0.32%,2.54%,2.88%,,
6420,Peres,5294,21.65%,1.04%,0.93%,0.21%,0.49%,75.69%,,
6441,Paddock,5272,89.72%,0.55%,0.57%,5.67%,1.44%,2.05%,,
6505,Pattison,5217,93.14%,1.40%,0.59%,0.42%,2.07%,2.38%,,
6520,Pettus,5204,54.48%,39.14%,0.63%,0.46%,2.46%,2.82%,,
6551,Paulus,5171,92.11%,1.37%,2.28%,0.27%,1.22%,2.75%,,
6551,Peppers,5171,66.89%,26.96%,0.35%,0.81%,3.13%,1.86%,,
6594,Peake,5137,73.54%,19.70%,0.58%,0.97%,2.80%,2.39%,,
6604,Persinger,5131,94.43%,1.44%,0.31%,0.51%,1.38%,1.93%,,
6609,Pugliese,5126,93.97%,0.39%,0.55%,0.10%,0.76%,4.23%,,
6628,Pizano,5110,5.99%,0.29%,0.20%,0.25%,0.31%,92.95%,,
6644,Piedra,5098,5.00%,0.78%,0.55%,0.12%,0.20%,93.35%,,
6645,Proulx,5096,95.29%,0.33%,0.65%,0.31%,1.24%,2.18%,,
6697,Pagel,5043,94.37%,0.42%,0.69%,0.58%,1.39%,2.56%,,
6716,Parmer,5029,80.39%,12.03%,3.18%,0.50%,2.01%,1.89%,,
6721,Perron,5023,92.28%,2.33%,0.74%,0.86%,1.41%,2.39%,,
6725,Poff,5021,96.28%,0.42%,0.42%,0.14%,1.12%,1.63%,,
6726,Peavy,5016,64.83%,30.00%,0.52%,0.54%,2.17%,1.93%,,
6877,Pearsall,4888,71.79%,23.32%,0.47%,0.80%,1.82%,1.80%,,
6882,Peckham,4885,94.12%,0.37%,0.70%,0.41%,1.80%,2.60%,,
6943,Pastrana,4830,6.52%,(S),6.00%,(S),0.48%,86.63%,,
6968,Peach,4815,92.11%,1.77%,1.37%,0.87%,1.68%,2.20%,,
6976,Pettway,4807,8.22%,87.12%,0.15%,0.10%,2.23%,2.18%,,
6980,Pedigo,4804,94.28%,0.21%,0.56%,0.60%,2.12%,2.23%,,
7031,Parke,4759,88.17%,5.93%,1.39%,0.23%,1.81%,2.48%,,
7042,Polley,4756,87.64%,7.91%,0.71%,0.15%,1.75%,1.85%,,
7057,Propst,4743,87.86%,7.74%,0.48%,0.63%,1.64%,1.64%,,
7075,Pépin,4731,87.80%,0.57%,0.66%,0.19%,0.87%,9.91%,,
7093,Poulos,4722,93.96%,0.44%,0.59%,0.28%,1.76%,2.96%,,
7099,Peden,4716,85.79%,9.25%,0.81%,0.38%,1.82%,1.95%,,
7216,Pankey,4626,49.94%,23.11%,22.01%,0.52%,2.44%,1.99%,,
7224,Peery,4620,86.99%,6.82%,0.80%,0.93%,2.51%,1.95%,,
7228,Pete,4619,29.03%,43.47%,0.74%,21.07%,2.73%,2.97%,,
7272,Pass,4583,69.61%,25.29%,1.03%,0.31%,1.75%,2.03%,,
7279,Pelkey,4579,93.73%,0.41%,0.66%,0.96%,1.75%,2.49%,,
7308,Poon,4564,2.37%,1.95%,91.30%,(S),2.96%,(S),,
7331,Pisano,4551,88.84%,0.26%,0.51%,0.62%,0.90%,8.88%,,
7413,Perri,4491,92.12%,0.89%,(S),(S),0.96%,5.46%,,
7473,Peguero,4457,3.23%,1.28%,0.20%,(S),(S),95.11%,,
7520,Pell,4424,92.11%,1.76%,1.13%,0.43%,1.27%,3.30%,,
7528,Perreault,4420,95.68%,0.32%,0.54%,0.45%,1.15%,1.86%,,
7554,Pfeffer,4400,94.36%,0.20%,0.98%,0.14%,1.43%,2.89%,,
7600,Peele,4373,62.38%,32.56%,0.16%,1.28%,1.90%,1.72%,,
7601,Plumb,4372,94.05%,0.96%,0.55%,0.48%,1.33%,2.63%,,
7625,Poteet,4353,92.81%,0.96%,0.41%,1.19%,2.18%,2.44%,,
7633,Pigg,4349,90.83%,5.29%,0.44%,0.23%,1.49%,1.72%,,
7638,Paiz,4347,9.16%,0.58%,0.81%,1.06%,0.39%,88.01%,,
7655,Puryear,4339,61.95%,32.50%,0.39%,0.37%,2.60%,2.19%,,
7660,Pilkington,4336,94.23%,1.18%,0.60%,0.67%,1.22%,2.10%,,
7684,Pascua,4321,10.62%,0.12%,73.29%,0.12%,9.49%,6.36%,,
7725,Paschall,4296,77.21%,17.53%,0.65%,0.74%,2.07%,1.79%,,
7801,Perera,4242,14.88%,(S),47.19%,(S),2.57%,33.92%,,
7821,Powe,4233,21.85%,72.55%,0.33%,0.33%,3.17%,1.77%,,
7830,Poynter,4229,90.04%,5.56%,0.73%,0.33%,1.70%,1.63%,,
7831,Prévost,4228,75.09%,18.99%,0.43%,0.88%,2.01%,2.60%,,
7837,Percy,4226,67.49%,21.77%,0.95%,1.85%,2.53%,5.42%,,
7842,Paden,4223,70.42%,19.18%,1.37%,1.89%,2.42%,4.71%,,
7851,Pompa,4217,25.42%,0.78%,0.59%,0.28%,0.21%,72.71%,,
7866,Plourde,4208,96.29%,0.36%,0.57%,0.14%,1.09%,1.54%,,
7874,Pendley,4203,94.19%,1.28%,0.29%,0.59%,1.78%,1.86%,,
7876,Pasillas,4201,3.50%,0.24%,0.40%,0.33%,0.29%,95.24%,,
7880,Plumley,4200,94.69%,0.40%,0.26%,0.83%,1.79%,2.02%,,
7907,Pegram,4185,68.75%,26.88%,0.45%,0.45%,1.94%,1.53%,,
7920,Petrillo,4179,95.14%,0.34%,0.60%,0.14%,0.81%,2.97%,,
7933,Paradise,4170,89.71%,3.86%,0.48%,0.53%,2.09%,3.33%,,
7953,Papp,4162,94.74%,0.55%,0.65%,0.84%,1.08%,2.14%,,
7968,Pinder,4151,50.45%,42.71%,0.55%,0.26%,2.31%,3.71%,,
7981,Penland,4142,89.69%,4.06%,0.60%,1.35%,1.59%,2.70%,,
7981,Philpott,4142,86.09%,7.68%,0.46%,1.38%,1.76%,2.63%,,
7997,Pelfrey,4136,94.56%,0.51%,0.56%,0.58%,1.96%,1.84%,,
8019,Pawlak,4127,95.64%,0.29%,0.68%,0.29%,1.26%,1.84%,,
8027,Polson,4125,89.75%,4.19%,1.26%,0.70%,1.65%,2.45%,,
8042,Palladino,4115,95.80%,(S),0.36%,(S),0.61%,2.96%,,
8049,Pastore,4112,92.61%,0.51%,(S),(S),0.88%,5.62%,,
8067,Polite,4108,14.68%,78.12%,0.56%,1.12%,3.24%,2.29%,,
8103,Pursley,4091,87.53%,6.16%,0.39%,0.68%,2.42%,2.81%,,
8159,Paquin,4064,89.91%,0.44%,0.49%,5.46%,1.77%,1.92%,,
8168,Presnell,4058,94.97%,1.21%,0.30%,0.64%,1.55%,1.33%,,
8206,Pitchford,4044,67.61%,25.67%,0.49%,1.19%,2.35%,2.70%,,
8209,Prouty,4042,92.83%,0.37%,0.59%,0.79%,1.36%,4.06%,,
8228,Polito,4032,87.72%,(S),1.24%,(S),1.19%,9.33%,,
8241,Parkin,4022,89.58%,3.63%,1.19%,0.45%,1.74%,3.41%,,
8249,Prickett,4016,93.65%,1.29%,0.25%,0.50%,1.77%,2.54%,,
8259,Piercy,4012,91.80%,3.84%,0.65%,0.25%,1.25%,2.22%,,
8263,Pellegrini,4011,93.59%,(S),0.42%,(S),1.05%,4.54%,,
8291,Placencia,3996,5.63%,0.33%,0.50%,0.35%,0.28%,92.92%,,
8308,Press,3989,86.36%,6.59%,1.50%,0.35%,1.40%,3.79%,,
8368,Popovich,3957,94.14%,0.40%,0.81%,0.15%,1.31%,3.18%,,
8377,Priester,3951,53.38%,42.24%,0.25%,0.30%,1.77%,2.05%,,
8389,Pohlman,3945,97.47%,(S),0.30%,(S),0.71%,1.29%,,
8432,Peachey,3918,95.48%,1.79%,(S),(S),0.69%,1.53%,,
8453,Pollak,3908,94.27%,0.97%,0.61%,0.31%,1.10%,2.74%,,
8469,Patti,3899,88.95%,0.54%,5.39%,0.41%,1.03%,3.69%,,
8496,Pereyra,3877,6.50%,0.44%,4.59%,0.13%,0.59%,87.75%,,
8496,Poulsen,3877,94.09%,0.23%,0.90%,0.44%,1.26%,3.07%,,
8518,Pahl,3864,93.81%,0.72%,1.79%,0.36%,1.32%,1.99%,,
8518,Pegues,3864,12.76%,80.69%,0.34%,0.23%,3.65%,2.33%,,
8541,Petrone,3854,93.80%,(S),0.49%,(S),0.62%,4.64%,,
8570,Pal,3844,19.56%,2.47%,69.35%,0.55%,4.92%,3.15%,,
8623,Pifer,3814,94.73%,0.73%,0.68%,0.58%,1.84%,1.44%,,
8669,Patch,3790,93.48%,0.92%,1.00%,0.84%,1.32%,2.43%,,
8679,Prine,3786,93.21%,1.19%,0.98%,0.66%,1.53%,2.43%,,
8700,Pray,3773,84.10%,9.12%,0.69%,0.53%,2.04%,3.53%,,
8728,Plowman,3757,94.86%,0.45%,0.77%,0.43%,1.44%,2.05%,,
8749,Pumphrey,3749,79.33%,14.99%,0.21%,0.37%,2.77%,2.32%,,
8763,Pye,3743,65.13%,28.48%,1.36%,0.64%,2.48%,1.90%,,
8772,Partain,3737,94.19%,0.51%,0.37%,1.36%,1.50%,2.06%,,
8773,Peer,3736,90.66%,2.84%,2.03%,0.40%,1.31%,2.76%,,
8793,Pasquale,3726,91.92%,0.64%,0.56%,1.23%,1.32%,4.32%,,
8797,Pavlik,3725,96.46%,(S),(S),0.30%,0.83%,2.07%,,
8808,Peart,3717,48.94%,43.23%,0.48%,0.73%,2.64%,3.98%,,
8817,Perrotta,3713,95.85%,0.24%,0.54%,0.19%,0.51%,2.67%,,
8822,Peluso,3712,94.37%,(S),1.19%,(S),1.00%,3.18%,,
8822,Provenzano,3712,93.64%,(S),0.57%,(S),0.92%,4.58%,,
8834,Pharr,3709,67.62%,27.15%,0.65%,0.67%,1.89%,2.02%,,
8841,Pinkham,3706,93.01%,0.57%,0.65%,2.02%,1.73%,2.02%,,
8848,Parrett,3703,88.71%,4.54%,0.43%,1.54%,2.40%,2.38%,,
8872,Phares,3691,94.50%,1.68%,0.35%,0.43%,1.08%,1.95%,,
8875,Paulin,3689,64.08%,11.28%,2.74%,0.22%,1.82%,19.87%,,
8920,Pinter,3669,88.93%,1.06%,0.63%,0.27%,0.87%,8.23%,,
8962,Perlman,3653,95.84%,(S),0.79%,(S),0.90%,2.03%,,
8994,Patricio,3636,25.44%,1.95%,13.48%,2.83%,1.98%,54.32%,,
9017,Paugh,3626,94.70%,0.97%,0.80%,0.44%,1.68%,1.41%,,
9025,Partlow,3623,73.09%,21.75%,0.41%,0.63%,2.10%,2.01%,,
9033,Player,3617,59.75%,35.42%,0.44%,0.28%,2.02%,2.10%,,
9058,Plasencia,3608,5.10%,0.19%,(S),(S),(S),94.51%,,
9064,Persons,3606,85.11%,8.54%,0.97%,0.31%,2.38%,2.69%,,
9084,Polo,3598,34.49%,3.42%,2.42%,0.19%,0.39%,59.09%,,
9104,Pavón,3589,9.28%,0.64%,1.56%,0.17%,0.50%,87.85%,,
9117,Privett,3583,90.68%,4.74%,0.64%,0.31%,1.67%,1.95%,,
9147,Pletcher,3567,95.54%,1.18%,0.53%,0.50%,0.95%,1.29%,,
9150,Priebe,3565,95.93%,0.17%,0.34%,0.34%,0.73%,2.50%,,
9177,Posadas,3554,4.64%,(S),17.08%,(S),1.07%,77.01%,,
9199,Purser,3545,91.62%,0.99%,0.39%,2.51%,1.44%,3.05%,,
9217,Preece,3536,95.56%,0.20%,0.45%,0.25%,0.76%,2.77%,,
9234,Porto,3526,72.94%,0.99%,1.82%,0.23%,0.60%,23.43%,,
9271,Pandya,3512,2.11%,0.14%,94.42%,0.26%,2.51%,0.57%,,
9320,Pasley,3493,68.48%,26.34%,0.40%,0.46%,1.86%,2.46%,,
9368,Phinney,3472,93.29%,1.58%,0.75%,0.20%,1.64%,2.53%,,
9382,Perna,3467,90.71%,0.37%,2.71%,0.17%,1.10%,4.93%,,
9384,Poteat,3465,62.45%,32.61%,0.38%,0.49%,1.88%,2.19%,,
9389,Paré,3464,90.99%,2.17%,3.03%,0.17%,1.13%,2.51%,,
9395,Piñeiro,3461,13.87%,0.35%,0.26%,(S),(S),85.21%,,
9451,Pick,3442,89.40%,0.73%,2.44%,0.55%,1.02%,5.87%,,
9466,Poulson,3437,85.28%,9.81%,0.84%,0.35%,1.80%,1.92%,,
9471,Peet,3434,82.29%,10.02%,0.84%,0.70%,2.01%,4.14%,,
9493,Pickle,3425,94.22%,1.46%,0.26%,0.70%,1.61%,1.75%,,
9583,Pinzón,3392,7.49%,0.18%,3.83%,0.00%,0.21%,88.30%,,
9624,Pitzer,3375,94.52%,0.98%,0.68%,0.74%,1.27%,1.81%,,
9627,Palazzolo,3374,95.17%,(S),0.50%,(S),1.22%,2.61%,,
9633,Partee,3369,42.21%,51.47%,0.59%,0.42%,3.15%,2.17%,,
9643,Paiva,3365,78.48%,1.75%,2.17%,0.30%,4.87%,12.42%,,
9648,Palmisano,3363,94.92%,0.24%,0.36%,0.21%,1.07%,3.21%,,
9652,Pecoraro,3362,95.12%,(S),0.51%,(S),0.83%,3.21%,,
9691,Páramo,3348,3.70%,(S),0.27%,0.24%,(S),95.55%,,
9722,Pascoe,3336,88.88%,5.16%,(S),(S),1.68%,3.48%,,
9730,Poppe,3333,95.02%,(S),0.72%,(S),1.05%,2.76%,,
9745,Phoenix,3326,53.01%,36.02%,0.93%,2.92%,4.09%,3.04%,,
9756,Paynter,3322,87.18%,6.38%,0.60%,0.45%,2.08%,3.31%,,
9760,Penton,3321,76.87%,7.38%,0.66%,0.69%,1.81%,12.59%,,
9767,Percival,3317,85.14%,8.29%,1.21%,0.57%,1.48%,3.32%,,
9770,Parekh,3316,2.68%,0.36%,93.79%,0.42%,2.26%,0.48%,,
9777,Petrick,3315,95.44%,0.48%,0.66%,0.27%,1.09%,2.05%,,
9780,Polak,3313,93.45%,1.03%,1.21%,0.30%,1.33%,2.69%,,
9794,Patty,3306,85.18%,7.35%,1.03%,1.21%,2.15%,3.09%,,
9800,Poor,3303,92.37%,1.00%,0.88%,1.33%,1.27%,3.15%,,
9803,Pendergast,3302,93.58%,1.91%,0.88%,0.33%,1.48%,1.82%,,
9827,Polston,3295,91.78%,3.10%,0.52%,0.76%,1.76%,2.09%,,
9830,Prejean,3294,68.55%,27.99%,(S),(S),1.37%,1.76%,,
9854,Pelham,3282,76.20%,17.09%,0.64%,0.37%,1.71%,3.99%,,
9877,Portis,3274,20.28%,70.49%,1.01%,0.27%,3.79%,4.15%,,
9884,Palmore,3271,37.76%,54.85%,0.43%,0.40%,3.52%,3.06%,,
9912,Pellerin,3259,88.19%,6.04%,1.01%,0.64%,2.15%,1.96%,,
9912,Penick,3259,76.96%,17.89%,0.43%,0.46%,2.85%,1.41%,,
9919,Peay,3256,49.36%,45.36%,0.28%,0.71%,2.83%,1.47%,,
9925,Paladino,3253,91.98%,0.22%,0.98%,0.34%,1.17%,5.32%,,
9940,Parkes,3246,76.22%,17.84%,0.77%,0.22%,1.69%,3.27%,,
9949,Provencher,3245,95.32%,0.31%,0.59%,0.15%,1.73%,1.91%,,
9959,Palencia,3241,3.55%,0.28%,6.91%,0.00%,1.33%,87.94%,,
9969,Pauly,3235,94.34%,0.68%,1.64%,0.25%,0.93%,2.16%,,
10001,Pritt,3223,95.28%,0.71%,0.74%,0.34%,1.46%,1.46%,,
10036,Ping,3209,61.89%,1.18%,19.48%,0.22%,1.90%,15.33%,,
10036,Poss,3209,92.83%,3.02%,0.47%,0.37%,1.34%,1.96%,,
10046,Pound,3206,89.05%,4.99%,1.90%,0.56%,1.62%,1.87%,,
10064,Palazzo,3203,93.88%,(S),0.50%,(S),1.09%,4.03%,,
10095,Perrault,3190,83.42%,6.36%,0.97%,2.82%,2.29%,4.14%,,
10125,Pulver,3183,94.06%,0.22%,0.91%,0.38%,1.13%,3.30%,,
10132,Parmenter,3182,94.91%,0.75%,0.60%,0.31%,1.35%,2.07%,,
10176,Parente,3170,91.23%,0.25%,1.20%,0.00%,1.23%,6.09%,,
10193,Pizzo,3161,94.78%,(S),0.54%,(S),1.30%,2.97%,,
10204,Pettaway,3157,6.75%,86.09%,0.38%,0.51%,3.80%,2.47%,,
10204,Posner,3157,94.81%,0.22%,1.27%,0.00%,1.11%,2.60%,,
10224,Primm,3153,69.36%,26.51%,0.57%,0.19%,1.97%,1.40%,,
10237,Pettiford,3148,7.12%,83.10%,0.51%,0.41%,6.19%,2.67%,,
10245,Pooler,3146,76.26%,16.88%,0.60%,1.30%,2.57%,2.38%,,
10280,Petterson,3136,80.48%,11.77%,0.57%,0.70%,1.69%,4.78%,,
10280,Pipes,3136,80.45%,14.25%,0.73%,0.32%,2.10%,2.14%,,
10314,Pascal,3124,47.09%,38.09%,1.47%,0.54%,1.95%,10.85%,,
10339,Petri,3115,93.87%,(S),0.83%,(S),1.77%,2.83%,,
10339,Puleo,3115,93.03%,0.45%,(S),(S),1.51%,4.65%,,
10358,Peirce,3111,91.00%,3.25%,0.84%,0.45%,1.93%,2.54%,,
10382,Pillow,3103,73.48%,21.46%,0.19%,0.90%,2.32%,1.64%,,
10422,Pyne,3089,86.53%,8.29%,1.23%,0.71%,1.49%,1.75%,,
10445,Postell,3080,44.97%,49.81%,0.16%,0.52%,2.82%,1.72%,,
10473,Petree,3067,91.82%,2.12%,0.52%,1.47%,2.02%,2.05%,,
10480,Pando,3065,18.17%,0.65%,0.59%,0.36%,0.33%,79.90%,,
10480,Putney,3065,88.32%,6.66%,1.01%,0.49%,1.70%,1.83%,,
10491,Paton,3059,87.48%,5.26%,1.31%,0.49%,1.47%,3.99%,,
10572,Panek,3032,95.51%,(S),0.73%,(S),0.82%,2.57%,,
10615,Pinney,3016,90.22%,3.18%,0.63%,0.90%,2.09%,2.98%,,
10620,Prokop,3015,95.99%,(S),0.73%,(S),1.19%,1.89%,,
10631,Petrucci,3012,95.72%,0.27%,0.53%,0.00%,0.96%,2.52%,,
10638,Pearlman,3009,95.25%,(S),0.66%,(S),1.03%,2.49%,,
10649,Pledger,3004,64.91%,30.19%,0.77%,0.40%,2.10%,1.63%,,
10675,Patin,2996,72.50%,17.26%,1.44%,0.30%,1.47%,7.04%,,
10697,Peloquin,2988,95.85%,(S),0.77%,(S),1.14%,1.84%,,
10721,Paisley,2980,83.39%,11.71%,0.50%,0.54%,1.48%,2.38%,,
10777,Petrosky,2960,94.53%,0.20%,0.51%,0.17%,1.52%,3.07%,,
10782,Pauls,2958,85.13%,10.48%,0.68%,0.24%,1.56%,1.93%,,
10837,Peiffer,2938,95.98%,0.44%,0.54%,0.34%,1.09%,1.60%,,
10847,Porch,2936,63.66%,30.52%,0.48%,0.41%,2.79%,2.15%,,
10891,Prudhomme,2925,67.11%,26.60%,0.72%,0.27%,2.46%,2.84%,,
10894,Ponte,2924,76.92%,0.92%,2.05%,0.41%,1.09%,18.60%,,
10903,Pigott,2920,80.58%,13.94%,0.65%,0.21%,1.95%,2.67%,,
10919,Philbrick,2915,94.55%,0.17%,0.55%,1.17%,1.89%,1.68%,,
10924,Petrella,2913,96.57%,(S),0.48%,(S),0.72%,1.72%,,
10931,Parmar,2912,3.91%,0.86%,90.45%,0.48%,3.30%,1.00%,,
10942,Pearman,2910,82.27%,9.90%,0.72%,2.71%,1.89%,2.51%,,
10954,Pokorný,2905,95.15%,0.21%,0.69%,0.21%,1.20%,2.55%,,
11007,Pyatt,2890,71.90%,21.38%,0.66%,0.38%,2.49%,3.18%,,
11040,Palos,2880,9.83%,(S),1.84%,(S),0.73%,87.29%,,
11109,Plyler,2856,94.89%,0.25%,0.49%,0.88%,1.54%,1.96%,,
11118,Prochaska,2852,96.04%,(S),0.46%,(S),1.16%,1.93%,,
11135,Pernell,2845,31.95%,63.13%,(S),(S),2.67%,1.79%,,
11142,Pecina,2842,9.71%,(S),0.28%,(S),0.00%,89.83%,,
11163,Pittenger,2834,95.70%,(S),0.81%,(S),1.13%,1.66%,,
11174,Pesce,2830,94.10%,0.49%,(S),(S),0.32%,4.77%,,
11200,Plaisance,2822,93.41%,1.56%,0.53%,1.24%,1.67%,1.59%,,
11269,Penrose,2806,89.49%,3.88%,1.14%,0.36%,2.57%,2.57%,,
11269,Pisani,2806,94.12%,0.32%,0.86%,0.29%,0.57%,3.85%,,
11273,Piccolo,2804,93.54%,(S),0.57%,(S),1.28%,4.03%,,
11283,Pereda,2800,6.36%,(S),6.04%,(S),1.00%,86.29%,,
11283,Port,2800,92.14%,2.36%,1.25%,0.39%,1.93%,1.93%,,
11318,Patil,2790,2.58%,0.36%,94.19%,0.39%,1.90%,0.57%,,
11319,Prunty,2789,71.42%,22.66%,0.36%,0.32%,2.55%,2.69%,,
11339,Platz,2783,93.64%,(S),0.68%,(S),1.29%,4.17%,,
11362,Plum,2777,93.23%,2.12%,0.94%,0.47%,1.58%,1.66%,,
11371,Paik,2774,8.58%,0.61%,86.37%,0.00%,3.24%,1.19%,,
11420,Polzin,2759,95.94%,0.22%,0.36%,0.36%,1.16%,1.96%,,
11428,Popa,2757,87.27%,0.80%,2.50%,0.00%,1.99%,7.44%,,
11456,Proper,2750,94.33%,0.91%,0.44%,0.73%,2.25%,1.35%,,
11508,Prout,2733,75.23%,16.54%,0.91%,1.94%,3.37%,2.01%,,
11516,Parise,2731,93.85%,(S),0.92%,(S),0.99%,3.22%,,
11540,Pardee,2725,94.64%,0.26%,0.92%,0.22%,1.28%,2.68%,,
11624,Perillo,2698,89.47%,0.48%,3.00%,0.37%,1.26%,5.41%,,
11631,Pasco,2695,64.45%,6.01%,16.44%,0.19%,4.01%,8.91%,,
11648,Pascale,2691,92.05%,1.45%,0.74%,0.41%,1.04%,4.31%,,
11648,Pegg,2691,92.68%,2.23%,0.48%,0.74%,2.34%,1.52%,,
11669,Picazo,2687,3.01%,(S),3.68%,(S),0.41%,92.59%,,
11675,Padula,2685,90.39%,(S),2.57%,(S),0.71%,5.92%,,
11679,Petitt,2684,85.06%,7.79%,0.75%,0.60%,2.46%,3.35%,,
11683,Pridemore,2683,94.78%,0.30%,0.48%,1.01%,1.45%,1.98%,,
11697,Parkins,2679,81.90%,12.92%,0.56%,0.41%,1.19%,3.02%,,
11722,Pickel,2673,94.91%,1.72%,0.19%,0.22%,0.86%,2.10%,,
11759,Pendergraft,2664,88.59%,2.36%,0.68%,2.48%,3.34%,2.55%,,
11767,Pesina,2662,7.81%,0.56%,2.18%,0.19%,0.45%,88.81%,,
11783,Pucci,2659,95.34%,(S),0.34%,(S),1.28%,2.63%,,
11810,Pearcy,2650,89.43%,4.87%,0.68%,0.45%,1.74%,2.83%,,
11821,Pilon,2647,82.02%,0.49%,0.83%,0.30%,1.28%,15.07%,,
11829,Plaster,2646,91.35%,1.47%,0.49%,2.19%,1.78%,2.72%,,
11865,Peltz,2639,94.09%,(S),0.64%,(S),1.44%,3.60%,,
11899,Pera,2631,46.83%,1.71%,2.85%,0.38%,0.49%,47.74%,,
11899,Privette,2631,85.37%,11.55%,(S),(S),0.99%,1.52%,,
11928,Penley,2624,96.53%,0.84%,0.38%,0.19%,0.80%,1.26%,,
11928,Polansky,2624,96.30%,0.30%,0.80%,0.34%,0.84%,1.41%,,
11942,Paxson,2618,90.95%,0.38%,0.34%,3.74%,1.91%,2.67%,,
11946,Polly,2617,86.97%,8.02%,1.22%,0.84%,1.53%,1.41%,,
11960,Primus,2613,35.78%,58.21%,0.27%,0.38%,3.06%,2.30%,,
11971,Phillippi,2609,93.83%,1.84%,0.57%,0.50%,1.23%,2.03%,,
11977,Pursell,2608,96.13%,(S),1.04%,(S),1.04%,1.50%,,
11993,Plott,2604,91.97%,4.38%,0.54%,0.73%,1.11%,1.27%,,
11998,Parkman,2603,63.54%,30.27%,0.54%,0.27%,3.38%,2.00%,,
12025,Pless,2596,77.93%,17.14%,(S),(S),1.77%,2.39%,,
12035,Pruden,2593,82.26%,13.61%,0.19%,0.35%,1.47%,2.12%,,
12055,Pryce,2587,38.00%,56.44%,0.35%,0.19%,2.13%,2.90%,,
12059,Polen,2586,87.66%,7.15%,0.54%,0.39%,1.24%,3.02%,,
12064,Piñero,2585,12.07%,1.86%,3.87%,(S),(S),81.66%,,
12079,Pullin,2581,81.83%,12.28%,0.50%,0.93%,1.39%,3.06%,,
12083,Pouliot,2579,94.88%,(S),0.54%,(S),1.36%,2.87%,,
12089,Pink,2578,69.16%,23.89%,0.58%,0.50%,2.17%,3.69%,,
12212,Puglisi,2550,94.43%,(S),0.31%,(S),0.86%,4.08%,,
12285,Pfeil,2531,96.21%,0.32%,0.40%,0.28%,0.87%,1.94%,,
12312,Putt,2525,93.47%,0.44%,1.43%,0.48%,1.82%,2.38%,,
12357,Pixley,2516,84.62%,10.69%,0.64%,0.52%,1.27%,2.27%,,
12389,Purifoy,2511,33.05%,60.89%,0.20%,0.32%,3.70%,1.83%,,
12395,Pecora,2509,93.30%,0.28%,0.80%,1.08%,0.88%,3.67%,,
12399,Peterkin,2507,24.89%,68.01%,(S),(S),3.11%,3.39%,,
12399,Plumlee,2507,92.38%,0.60%,0.96%,1.00%,2.55%,2.51%,,
12411,Padua,2505,8.62%,(S),49.62%,(S),3.79%,37.33%,,
12421,Potvin,2503,96.40%,0.28%,0.68%,0.28%,0.84%,1.52%,,
12435,Pankratz,2498,94.72%,0.24%,0.52%,0.56%,1.68%,2.28%,,
12447,Prakash,2494,3.93%,(S),86.45%,(S),8.46%,0.80%,,
12454,Preuss,2492,94.78%,0.24%,0.76%,0.44%,1.61%,2.17%,,
12473,Pentecost,2489,89.39%,4.82%,0.96%,0.68%,1.33%,2.81%,,
12482,Puccio,2487,90.71%,(S),0.40%,(S),0.60%,7.88%,,
12485,Petrovich,2485,92.96%,0.44%,0.44%,0.24%,1.01%,4.91%,,
12491,Pozo,2482,6.65%,1.29%,0.20%,0.24%,0.20%,91.42%,,
12531,Piscitelli,2473,95.43%,(S),0.32%,(S),0.97%,2.83%,,
12531,Pompey,2473,20.10%,71.65%,(S),(S),3.68%,3.60%,,
12541,Perla,2470,27.09%,(S),3.32%,(S),0.65%,68.38%,,
12554,Pantaleon,2467,3.40%,1.95%,13.74%,(S),(S),79.98%,,
12557,Pathak,2466,2.23%,(S),94.36%,(S),2.19%,0.57%,,
12566,Paras,2463,37.35%,2.11%,45.47%,0.32%,2.96%,11.77%,,
12637,Parvin,2449,73.25%,0.57%,21.27%,0.33%,1.63%,2.94%,,
12652,Pinheiro,2445,81.23%,4.79%,3.35%,0.37%,2.45%,7.81%,,
12662,Polizzi,2441,95.62%,0.29%,0.29%,0.00%,0.61%,3.20%,,
12667,Pinkard,2440,46.43%,45.49%,0.53%,0.41%,3.77%,3.36%,,
12711,Pressler,2429,94.69%,0.62%,0.33%,0.49%,1.56%,2.31%,,
12724,Palmeri,2426,89.82%,1.03%,1.36%,(S),(S),6.84%,,
12745,Pennock,2421,92.44%,2.52%,0.41%,1.40%,1.40%,1.82%,,
12837,Perreira,2398,53.63%,(S),9.22%,(S),16.14%,16.35%,,
12886,Poorman,2387,91.45%,1.72%,0.59%,3.39%,1.47%,1.38%,,
12889,Puma,2386,61.36%,0.38%,2.81%,0.34%,1.05%,34.07%,,
12897,Pons,2384,45.01%,0.63%,3.36%,0.29%,1.09%,49.62%,,
12921,Poplin,2379,94.12%,0.76%,0.59%,1.43%,1.43%,1.68%,,
12931,Pullins,2376,60.65%,34.34%,0.46%,0.59%,2.06%,1.89%,,
12971,Patlan,2367,5.37%,(S),0.30%,0.51%,(S),93.54%,,
12971,Poché,2367,80.90%,10.48%,(S),(S),1.06%,6.46%,,
13042,Petersheim,2354,98.34%,(S),(S),0.30%,0.25%,1.02%,,
13049,Pollitt,2353,89.59%,5.99%,0.51%,0.21%,1.61%,2.08%,,
13081,Prentiss,2347,78.40%,14.15%,0.81%,2.26%,1.66%,2.73%,,
13088,Pascarella,2344,95.18%,0.26%,0.64%,0.30%,0.68%,2.94%,,
13109,Pabst,2338,95.64%,(S),0.60%,(S),1.24%,1.92%,,
13142,Pasternak,2329,96.05%,(S),0.56%,(S),1.07%,2.10%,,
13142,Purkey,2329,91.58%,2.53%,0.26%,1.07%,2.02%,2.53%,,
13148,Pita,2328,17.57%,1.76%,7.73%,0.00%,1.59%,71.35%,,
13160,Plemmons,2324,95.48%,(S),(S),1.29%,0.95%,1.51%,,
13165,Pettyjohn,2323,84.89%,9.34%,0.43%,1.42%,2.32%,1.59%,,
13186,Pinnock,2318,16.74%,74.81%,(S),(S),3.28%,4.66%,,
13190,Pimental,2317,73.41%,0.82%,2.42%,0.22%,3.11%,20.03%,,
13214,Papadopoulos,2313,95.55%,(S),0.35%,(S),0.91%,2.85%,,
13214,Pattillo,2313,82.71%,11.85%,0.86%,0.48%,1.47%,2.64%,,
13230,Prindle,2309,93.33%,1.73%,(S),(S),1.52%,2.43%,,
13241,Plotkin,2306,95.45%,(S),0.56%,(S),0.87%,2.69%,,
13246,Pontius,2305,95.01%,(S),0.69%,(S),1.56%,2.21%,,
13255,Ponton,2303,63.35%,16.67%,1.39%,0.65%,2.61%,15.33%,,
13264,Paull,2300,93.30%,1.13%,1.48%,0.83%,1.57%,1.70%,,
13297,Pruneda,2294,5.19%,0.00%,0.39%,(S),(S),94.16%,,
13300,Postma,2293,96.03%,0.48%,0.74%,0.48%,1.00%,1.26%,,
13306,Patenaude,2292,95.86%,(S),(S),0.57%,1.22%,1.92%,,
13375,Picone,2278,93.20%,0.35%,0.40%,0.35%,0.79%,4.92%,,
13418,Presson,2271,91.81%,4.10%,0.48%,0.44%,1.10%,2.07%,,
13456,Portugal,2263,23.69%,(S),8.88%,(S),0.80%,66.24%,,
13466,Pavone,2261,92.39%,0.27%,0.75%,0.22%,1.37%,5.00%,,
13494,Porche,2251,58.69%,33.19%,0.40%,1.11%,2.53%,4.09%,,
13509,Parenteau,2245,93.10%,0.31%,0.71%,0.85%,1.60%,3.43%,,
13525,Peralez,2243,8.20%,0.31%,0.36%,(S),(S),90.95%,,
13544,Pero,2239,83.79%,3.80%,1.65%,2.23%,1.74%,6.79%,,
13564,Pradhan,2236,2.46%,0.49%,92.98%,0.00%,2.95%,1.12%,,
13578,Palmquist,2233,95.21%,0.45%,0.76%,0.22%,1.57%,1.79%,,
13588,Pier,2231,79.29%,10.26%,1.79%,0.40%,1.52%,6.72%,,
13593,Phu,2230,1.26%,0.22%,96.59%,0.00%,1.26%,0.67%,,
13612,Pinion,2226,87.69%,5.71%,0.81%,1.12%,1.21%,3.46%,,
13642,Paw,2220,2.48%,0.32%,95.05%,0.00%,1.40%,0.77%,,
13642,Prager,2220,93.83%,0.90%,0.54%,0.32%,1.85%,2.57%,,
13696,Peñate,2211,3.26%,0.45%,(S),0.00%,(S),96.11%,,
13713,Parrilla,2207,10.97%,4.85%,4.35%,0.45%,0.91%,78.48%,,
13741,Principe,2202,75.11%,0.50%,5.22%,0.00%,0.41%,18.76%,,
13764,Puig,2198,19.88%,0.45%,1.05%,(S),(S),78.53%,,
13781,Pettengill,2195,93.30%,0.23%,1.18%,0.41%,1.28%,3.60%,,
13815,Puebla,2188,5.07%,0.41%,0.32%,(S),(S),94.10%,,
